1610582400000,37416.34,37989.00,37410.29,37880.01,3446.928,1610582699999,130164006.99714,29589,1873.893,70742629.68202,0
1610582700000,37880.00,38273.36,37861.76,38018.84,3847.642,1610582999999,146457208.11851,36894,2007.449,76429685.35174,0
1610583000000,38017.42,38149.50,37900.00,37995.45,1263.285,1610583299999,48028258.60436,15845,569.425,21655447.66186,0
1610583300000,37990.83,38032.88,37767.97,37814.07,1262.532,1610583599999,47858490.63631,15022,497.785,18878186.60044,0
1610583600000,37817.27,38088.00,37710.00,37783.24,1836.760,1610583899999,69625878.27168,19827,884.413,33537555.97082,0
1610583900000,37774.19,37950.00,37751.00,37929.54,1074.493,1610584199999,40690255.47682,10867,706.206,26743812.12275,0
1610584200000,37929.54,37929.55,37777.35,37777.35,705.423,1610584499999,26702866.81892,7893,349.035,13213634.77624,0
1610584500000,37777.35,37886.87,37715.26,37853.96,783.421,1610584799999,29612783.89837,9848,407.450,15403176.30795,0
1610584800000,37853.95,37998.00,37785.29,37803.04,999.148,1610585099999,37866281.33374,11827,577.873,21901850.49403,0
1610585100000,37801.00,37925.10,37763.08,37840.57,934.294,1610585399999,35360901.30119,10790,523.884,19829134.17032,0
1610585400000,37848.60,37870.00,37700.00,37747.30,763.066,1610585699999,28819035.02646,8198,380.575,14374984.97167,0
1610585700000,37749.00,37848.59,37700.00,37831.32,628.938,1610585999999,23751879.41116,8373,373.170,14093539.48573,0
1610586000000,37831.42,37845.10,37510.96,37538.00,1697.078,1610586299999,63826222.52825,17476,760.580,28604755.36040,0
1610586300000,37539.50,37710.00,37513.51,37681.99,735.360,1610586599999,27676073.91719,9375,385.882,14522691.33111,0
1610586600000,37676.80,37681.00,37518.00,37605.55,739.491,1610586899999,27792762.62879,9574,329.958,12403406.43129,0
1610586900000,37607.44,37749.03,37500.00,37522.45,915.444,1610587199999,34438674.74569,10683,397.343,14953995.62701,0
1610587200000,37522.60,37598.99,37400.00,37593.13,1176.173,1610587499999,44126632.91076,11526,469.603,17622296.71065,0
1610587500000,37593.13,37830.00,37510.00,37830.00,1132.398,1610587799999,42650121.16582,11986,653.777,24635670.57143,0
1610587800000,37829.99,37829.99,37581.53,37688.75,884.153,1610588099999,33314130.37351,10134,471.652,17770940.41714,0
1610588100000,37688.76,37705.00,37462.00,37500.70,729.579,1610588399999,27388326.28137,9485,331.777,12456600.10802,0
1610588400000,37500.97,37631.54,37475.93,37518.31,589.935,1610588699999,22149373.76291,7056,353.988,13291503.12616,0
1610588700000,37518.18,37613.00,37445.48,37576.68,898.991,1610588999999,33734520.82064,9293,449.653,16873373.42956,0
1610589000000,37582.17,37650.00,37550.00,37589.58,387.864,1610589299999,14585835.33511,5401,240.963,9061965.21689,0
1610589300000,37589.58,37663.99,37457.51,37519.00,663.136,1610589599999,24898478.59198,7971,282.219,10598751.13545,0
1610589600000,37518.99,37660.81,37490.41,37601.98,591.188,1610589899999,22221769.73530,6885,285.290,10723591.65643,0
1610589900000,37601.98,37652.12,37520.00,37524.53,449.427,1610590199999,16894740.58262,5891,207.851,7813493.15122,0
1610590200000,37524.53,37560.00,37268.00,37280.36,1347.115,1610590499999,50388931.48168,14551,521.062,19497418.17212,0
1610590500000,37280.35,37446.83,37256.00,37349.57,982.550,1610590799999,36707513.77831,10980,527.892,19725743.58814,0
1610590800000,37349.56,37350.00,37137.50,37233.82,1731.215,1610591099999,64459630.10968,14751,757.628,28215180.82750,0
1610591100000,37233.82,37377.55,37184.13,37376.16,847.116,1610591399999,31605958.31927,7640,480.147,17915957.84295,0
1610591400000,37376.15,37600.00,37329.75,37593.10,920.439,1610591699999,34505273.07152,9670,568.149,21300348.88328,0
1610591700000,37592.22,37641.26,37518.88,37628.80,794.430,1610591999999,29851919.37248,8984,369.010,13869824.46401,0
1610592000000,37628.79,37780.37,37620.00,37639.99,1182.481,1610592299999,44583830.05052,12461,599.455,22603730.96261,0
1610592300000,37640.00,37695.69,37555.73,37638.34,472.045,1610592599999,17761259.23507,6206,221.531,8336987.81698,0
1610592600000,37638.35,37700.00,37550.12,37581.97,592.115,1610592899999,22271152.96649,6852,378.235,14226074.87899,0
1610592900000,37581.97,37603.47,37445.00,37511.03,668.349,1610593199999,25068597.59565,7675,275.432,10333157.20598,0
1610593200000,37514.21,37558.33,37393.44,37449.50,605.327,1610593499999,22676852.84956,6937,246.934,9252016.86925,0
1610593500000,37450.54,37466.63,37297.00,37365.30,687.533,1610593799999,25695129.50863,7875,246.505,9212862.29221,0
1610593800000,37365.30,37474.58,37275.60,37461.39,1101.533,1610594099999,41140476.05215,10252,650.130,24288069.17203,0
1610594100000,37461.63,37461.67,37222.00,37262.72,958.325,1610594399999,35754676.36015,9559,477.852,17827215.05804,0
1610594400000,37262.72,37425.25,37222.00,37401.01,572.682,1610594699999,21373418.10095,7058,391.224,14601863.65576,0
1610594700000,37401.01,37519.90,37363.00,37407.91,697.280,1610594999999,26109754.84524,7488,431.252,16149208.23056,0
1610595000000,37410.96,37500.00,37360.72,37490.69,595.273,1610595299999,22295427.27218,6450,372.653,13960659.92893,0
1610595300000,37490.70,37542.31,37401.13,37457.30,793.388,1610595599999,29730971.67489,6726,322.574,12091682.44417,0
1610595600000,37457.23,37528.00,37402.00,37497.29,464.049,1610595899999,17389679.89805,4577,224.884,8428061.55176,0
1610595900000,37498.87,37573.75,37300.00,37317.01,698.732,1610596199999,26145558.24949,7585,320.167,11982502.43309,0
1610596200000,37317.01,37350.00,37051.00,37147.90,1511.274,1610596499999,56211741.61882,14531,660.417,24572736.76520,0
1610596500000,37149.97,37196.92,37065.53,37103.00,988.084,1610596799999,36680899.06377,10028,568.086,21091537.36129,0
1610596800000,37107.37,37242.99,37087.50,37159.96,986.695,1610597099999,36678824.09092,9967,599.470,22287053.82786,0
1610597100000,37160.44,37160.44,36764.33,36938.47,3267.616,1610597399999,120661021.99350,27165,1190.358,43959709.40360,0
1610597400000,36938.47,36985.76,36793.57,36937.05,1527.535,1610597699999,56363780.37214,11040,513.104,18938524.33076,0
1610597700000,36937.06,37120.00,36936.52,37117.54,1191.878,1610597999999,44143480.46586,9549,707.772,26213167.45974,0
1610598000000,37117.53,37236.78,37117.38,37203.21,982.989,1610598299999,36554232.04741,9374,512.180,19045933.73671,0
1610598300000,37203.21,37348.26,37176.80,37293.60,825.821,1610598599999,30780282.08276,9128,516.381,19249764.70781,0
1610598600000,37294.44,37420.00,37223.05,37369.32,688.201,1610598899999,25696772.89400,8237,392.032,14642430.10289,0
1610598900000,37369.33,37520.00,37368.93,37405.27,1007.608,1610599199999,37734292.77931,10639,565.234,21170910.50219,0
1610599200000,37403.97,37499.77,37357.99,37390.00,728.758,1610599499999,27278299.21741,7782,322.349,12070025.49832,0
1610599500000,37390.00,37500.00,37300.00,37499.00,916.147,1610599799999,34267089.09441,7653,429.274,16062456.16659,0
1610599800000,37499.01,37557.92,37373.92,37418.53,635.410,1610600099999,23802406.48070,7962,345.358,12940336.60663,0
1610600100000,37418.90,37569.35,37373.92,37550.01,579.841,1610600399999,21739815.76813,6798,292.308,10960967.87063,0
1610600400000,37551.12,37650.00,37470.59,37481.63,861.175,1610600699999,32349981.82671,10111,483.965,18184448.89491,0
1610600700000,37486.74,37580.00,37454.10,37464.84,615.156,1610600999999,23068003.03764,6446,344.165,12907122.15774,0
1610601000000,37464.84,37467.49,37333.21,37402.43,797.181,1610601299999,29819902.85643,8600,336.795,12599679.45827,0
1610601300000,37402.44,37663.81,37402.43,37651.25,604.078,1610601599999,22684403.20111,7006,394.835,14828362.29032,0
1610601600000,37651.23,37651.27,37481.03,37556.50,513.607,1610601899999,19287840.65147,6543,264.280,9924366.98928,0
1610601900000,37556.09,37556.09,37470.00,37470.12,280.948,1610602199999,10534110.40062,3679,156.397,5863654.39249,0
1610602200000,37470.11,37637.12,37422.35,37590.01,691.368,1610602499999,25969144.41554,7643,356.063,13376821.95184,0
1610602500000,37590.47,37744.00,37590.46,37686.69,825.661,1610602799999,31121445.98122,9751,524.520,19770382.57298,0
1610602800000,37684.66,37750.00,37591.50,37609.84,692.686,1610603099999,26081329.30869,6547,343.448,12931011.86166,0
1610603100000,37609.84,37849.95,37579.94,37735.44,960.705,1610603399999,36264397.17867,10604,581.287,21941751.63895,0
1610603400000,37735.44,37750.89,37576.00,37579.48,869.084,1610603699999,32719544.39928,6933,381.072,14347348.63177,0
1610603700000,37579.49,37660.55,37550.00,37562.40,625.030,1610603999999,23487146.03165,5966,328.171,12332965.04527,0
1610604000000,37562.39,37681.97,37470.00,37538.50,706.897,1610604299999,26549541.56552,7850,336.813,12654082.07978,0
1610604300000,37544.00,37657.00,37544.00,37564.62,540.142,1610604599999,20310883.24872,7208,273.416,10281967.44115,0
1610604600000,37564.62,37756.03,37550.80,37756.03,605.615,1610604899999,22808568.82380,7529,323.895,12199621.62430,0
1610604900000,37756.01,37801.89,37667.11,37782.91,889.810,1610605199999,33598677.22855,8964,360.934,13630848.89860,0
1610605200000,37782.90,37952.98,37718.86,37947.31,1693.946,1610605499999,64135016.44512,16681,1110.540,42059739.32221,0
1610605500000,37947.30,38187.59,37906.22,38055.37,2892.056,1610605799999,110032111.50896,25652,1738.576,66137014.75260,0
1610605800000,38055.59,38121.87,37911.00,37936.06,1027.166,1610606099999,39042359.12764,11607,369.299,14039152.46595,0
1610606100000,37932.06,38000.00,37850.00,37965.01,907.055,1610606399999,34390602.55844,10239,604.077,22905512.74971,0
1610606400000,37963.54,37990.00,37850.00,37907.18,647.512,1610606699999,24544154.19860,6602,384.586,14579001.68177,0
1610606700000,37907.18,37956.76,37810.00,37921.99,811.785,1610606999999,30745119.41007,8255,457.114,17318372.15347,0
1610607000000,37922.62,37922.62,37814.00,37860.24,404.141,1610607299999,15295958.93113,4684,194.939,7378205.52188,0
1610607300000,37860.23,37930.00,37831.31,37885.86,479.506,1610607599999,18161831.90226,5178,255.088,9661610.93890,0
1610607600000,37879.78,37930.00,37737.40,37768.55,757.847,1610607899999,28662848.32526,8786,341.158,12904238.80121,0
1610607900000,37767.81,38148.44,37767.81,38133.52,1286.929,1610608199999,48907093.89715,11992,846.937,32186718.05183,0
1610608200000,38133.53,38459.66,38108.49,38374.30,3663.454,1610608499999,140476281.37143,32267,1899.734,72832332.40391,0
1610608500000,38384.82,38480.00,38300.00,38345.01,1341.228,1610608799999,51479737.67389,14608,571.739,21950297.09543,0
1610608800000,38346.96,38590.00,38346.94,38486.13,2499.402,1610609099999,96196793.56915,21956,1475.899,56805285.59341,0
1610609100000,38486.62,38665.00,38375.52,38599.49,1389.621,1610609399999,53548638.28335,15584,709.938,27366191.66655,0
1610609400000,38599.49,38599.99,38414.25,38426.49,1360.358,1610609699999,52351158.55125,13259,520.933,20049735.73269,0
1610609700000,38426.50,38556.18,38390.00,38400.01,1182.970,1610609999999,45477279.90713,10743,496.515,19094450.66190,0
1610610000000,38400.54,38506.20,38375.00,38419.62,883.274,1610610299999,33933368.14624,9302,400.126,15376939.70425,0
1610610300000,38420.06,38552.24,38302.00,38436.44,1842.433,1610610599999,70775088.97893,13531,892.360,34295945.83626,0
1610610600000,38440.40,38448.57,38310.83,38357.77,990.604,1610610899999,38015440.46724,9632,477.834,18337810.81215,0
1610610900000,38359.73,38362.49,38139.60,38240.00,1891.939,1610611199999,72378213.18498,13960,640.863,24533866.29209,0
1610611200000,38235.80,38624.55,38229.27,38463.50,2294.096,1610611499999,88296273.04645,22667,1316.913,50676748.24355,0
1610611500000,38463.50,38819.51,38435.83,38736.22,2122.664,1610611799999,82103056.56569,22923,1230.216,47578981.92406,0
1610611800000,38736.86,38827.43,38677.68,38715.42,992.662,1610612099999,38464127.06129,13071,464.795,18014076.38309,0
1610612100000,38712.05,38850.00,38566.63,38639.80,1453.323,1610612399999,56238538.40766,16197,717.027,27761481.00700,0
1610612400000,38639.79,38649.95,38464.00,38524.99,1135.199,1610612699999,43762363.61146,10920,536.622,20685809.93256,0
1610612700000,38525.00,38534.00,38400.00,38426.00,870.966,1610612999999,33502112.27178,9252,370.738,14263849.18133,0
1610613000000,38426.00,38554.69,38423.00,38461.52,700.033,1610613299999,26951070.09000,7721,447.251,17219713.71033,0
1610613300000,38461.58,38630.00,38453.65,38570.25,827.046,1610613599999,31890063.34845,8823,530.395,20454333.55690,0
1610613600000,38572.32,38580.25,38489.13,38537.36,481.211,1610613899999,18541231.55290,6376,259.763,10008824.02332,0
1610613900000,38537.31,38650.00,38453.00,38624.24,631.126,1610614199999,24313127.60012,7822,370.562,14279118.30970,0
1610614200000,38626.29,38696.36,38576.40,38596.18,640.134,1610614499999,24728264.72155,8282,278.823,10771847.35942,0
1610614500000,38596.18,38599.12,38383.00,38409.24,992.180,1610614799999,38153159.05809,11153,457.661,17596668.35183,0
1610614800000,38409.00,38507.08,38371.18,38400.00,728.645,1610615099999,28015126.69074,8721,398.645,15331114.87152,0
1610615100000,38400.00,38403.57,38268.00,38320.76,1137.188,1610615399999,43593410.95113,13381,361.445,13857821.91782,0
1610615400000,38320.75,38356.02,38260.00,38267.17,823.002,1610615699999,31523733.57538,8481,373.958,14324799.59491,0
1610615700000,38266.67,38380.60,38155.00,38187.10,1709.101,1610615999999,65384942.34663,13639,777.453,29751987.27567,0
1610616000000,38183.25,38290.00,38150.00,38251.25,941.432,1610616299999,35984981.19461,9515,384.778,14707596.95591,0
1610616300000,38251.25,38372.53,38030.00,38132.86,1826.643,1610616599999,69733811.75671,17394,722.314,27592277.51815,0
1610616600000,38133.78,38306.98,38133.35,38243.25,844.929,1610616899999,32308031.27972,9632,423.104,16177396.61108,0
1610616900000,38243.26,38361.95,38152.32,38225.74,743.759,1610617199999,28477034.44728,8966,341.849,13092057.64276,0
1610617200000,38225.77,38439.68,38221.75,38410.98,1015.383,1610617499999,38961154.28755,10695,712.877,27353428.40637,0
1610617500000,38410.97,38414.62,38290.10,38304.73,423.259,1610617799999,16230525.90035,5717,198.963,7629889.68228,0
1610617800000,38304.74,38340.00,38216.28,38225.21,502.193,1610618099999,19222512.90398,6891,202.923,7768846.42622,0
1610618100000,38225.21,38286.49,37949.99,38018.20,1631.653,1610618399999,62163247.86152,17518,571.049,21767627.61568,0
1610618400000,38019.04,38300.00,37960.00,38280.00,1468.719,1610618699999,56006836.44722,17149,815.516,31106357.13660,0
1610618700000,38281.94,38402.62,38213.50,38394.11,879.876,1610618999999,33697629.66392,9075,488.145,18701213.25596,0
1610619000000,38395.79,38479.37,38270.97,38301.00,1000.304,1610619299999,38383959.86709,12055,500.454,19209701.90446,0
1610619300000,38287.50,38366.70,38225.47,38227.75,518.258,1610619599999,19848879.69557,7364,207.595,7951573.68093,0
1610619600000,38227.75,38400.00,38227.75,38350.05,577.911,1610619899999,22161617.61688,8418,293.111,11240054.26431,0
1610619900000,38350.05,38436.23,38260.00,38276.05,514.954,1610620199999,19750939.40203,6911,283.072,10859314.74858,0
1610620200000,38275.93,38347.08,38140.99,38141.00,787.793,1610620499999,30107940.97984,8182,347.542,13284020.65258,0
1610620500000,38140.98,38164.17,38078.20,38127.35,706.450,1610620799999,26931598.34324,7951,396.166,15103736.23845,0
1610620800000,38127.10,38148.63,38043.90,38071.84,543.200,1610621099999,20697335.18548,6415,254.678,9705419.24681,0
1610621100000,38071.85,38200.00,38040.64,38191.51,666.976,1610621399999,25434847.72296,7260,421.123,16059740.02337,0
1610621400000,38190.79,38281.13,38075.55,38230.00,817.505,1610621699999,31205056.44797,9483,440.261,16809138.55596,0
1610621700000,38230.00,38576.72,38220.01,38564.58,1533.006,1610621999999,58842028.33448,14589,1002.844,38502629.91224,0
1610622000000,38564.60,38695.88,38460.00,38635.96,1947.906,1610622299999,75201786.33891,17956,871.455,33651848.51464,0
1610622300000,38635.10,38645.00,38420.29,38434.79,1374.640,1610622599999,52966377.22377,14229,459.821,17718827.80825,0
1610622600000,38430.12,38563.07,38420.00,38453.00,677.352,1610622899999,26075638.94398,8534,338.230,13021151.96899,0
1610622900000,38453.00,38536.99,38331.00,38365.27,736.411,1610623199999,28302553.20343,8942,311.378,11968805.69333,0
1610623200000,38364.69,38398.85,38306.96,38384.27,498.958,1610623499999,19138987.17827,6707,279.904,10737357.64412,0
1610623500000,38384.27,38384.27,38205.50,38226.51,995.390,1610623799999,38094950.92434,9625,478.106,18298016.81046,0
1610623800000,38226.51,38317.31,38151.00,38205.30,884.076,1610624099999,33788415.25539,8832,510.560,19516730.56467,0
1610624100000,38203.35,38249.98,38116.00,38187.64,956.710,1610624399999,36522694.74715,9392,533.131,20355863.46539,0
1610624400000,38187.64,38272.67,38151.00,38155.50,638.314,1610624699999,24404296.63607,6471,349.829,13376948.69782,0
1610624700000,38151.39,38331.38,38146.47,38266.06,594.598,1610624999999,22733191.69086,6674,396.055,15143457.79840,0
1610625000000,38266.05,38319.15,38182.07,38257.41,481.703,1610625299999,18428768.88947,5656,280.960,10748766.25276,0
1610625300000,38257.40,38437.44,38204.51,38415.39,1079.878,1610625599999,41370489.93851,9505,513.031,19662389.48371,0
1610625600000,38415.38,38472.26,38318.11,38379.99,1010.521,1610625899999,38809430.03415,10562,477.486,18341026.31129,0
1610625900000,38379.99,38384.48,38210.00,38220.49,684.829,1610626199999,26221673.74930,8943,272.841,10447457.10075,0
1610626200000,38219.54,38241.57,38001.00,38071.68,1592.218,1610626499999,60672768.37078,17389,701.186,26719796.65711,0
1610626500000,38071.68,38158.88,38040.13,38083.99,700.161,1610626799999,26680384.43935,8923,363.774,13864020.85868,0
1610626800000,38084.94,38122.88,37760.00,37914.85,2917.301,1610627099999,110548271.81460,25909,1141.366,43254752.25794,0
1610627100000,37914.91,38037.37,37838.62,37984.39,1288.008,1610627399999,48864368.49178,13297,640.035,24289467.90912,0
1610627400000,37984.40,38144.00,37908.44,38065.44,1116.175,1610627699999,42479545.59791,11833,572.727,21798813.31976,0
1610627700000,38058.99,38220.00,38058.99,38206.51,914.516,1610627999999,34913788.77368,9561,480.650,18348785.18931,0
1610628000000,38206.51,38268.39,38147.02,38218.99,790.313,1610628299999,30197275.21292,8445,311.835,11919011.41075,0
1610628300000,38219.88,38291.52,38157.41,38186.32,767.139,1610628599999,29320932.65456,7553,345.716,13215944.02518,0
1610628600000,38186.32,38294.70,38172.37,38287.40,614.163,1610628899999,23478341.67685,5788,264.022,10094724.91634,0
1610628900000,38287.40,38392.30,38286.51,38321.68,1017.381,1610629199999,39008423.29178,10204,520.138,19944589.59348,0
1610629200000,38321.68,38499.00,38225.00,38462.80,1054.330,1610629499999,40441913.83320,11799,582.740,22362929.39166,0
1610629500000,38462.79,38550.80,38350.00,38476.94,1428.675,1610629799999,54927174.74950,14453,738.957,28416258.42848,0
1610629800000,38478.91,38533.69,38408.45,38475.00,946.744,1610630099999,36413678.60364,9106,350.749,13492472.31311,0
1610630100000,38475.01,38567.00,38390.99,38454.04,906.292,1610630399999,34873876.61617,10553,430.495,16569078.66723,0
1610630400000,38454.04,38566.30,38454.04,38566.30,776.148,1610630699999,29899179.77820,8315,446.241,17191686.64582,0
1610630700000,38566.29,38812.41,38559.61,38695.46,2602.477,1610630999999,100717984.41385,25434,1480.509,57300505.62870,0
1610631000000,38694.63,38959.74,38457.78,38590.05,3633.207,1610631299999,140719794.86008,32095,1741.703,67503125.71079,0
1610631300000,38590.08,38682.04,38500.00,38634.11,1339.362,1610631599999,51684561.54781,13026,669.346,25833594.99554,0
1610631600000,38634.13,38756.25,38633.01,38732.91,1151.198,1610631899999,44561157.22615,11928,657.710,25461057.88535,0
1610631900000,38732.91,39000.00,38634.73,38947.05,2290.002,1610632199999,89000676.61226,21571,1371.104,53301405.70370,0
1610632200000,38940.73,39071.21,38843.65,38870.01,2289.894,1610632499999,89204929.36725,21873,1127.168,43925798.75318,0
1610632500000,38870.01,39100.00,38844.89,39044.13,1698.074,1610632799999,66221686.62803,17847,972.567,37933942.05743,0
1610632800000,39041.47,39085.68,38870.08,38889.00,1584.271,1610633099999,61691512.72309,15685,680.484,26502985.39829,0
1610633100000,38889.00,39352.08,38833.00,39253.21,2961.469,1610633399999,115846325.76113,25510,1899.606,74333646.78852,0
1610633400000,39254.91,39350.00,39174.18,39284.00,2295.004,1610633699999,90080869.30346,22820,1293.289,50769606.81498,0
1610633700000,39283.35,39433.31,39154.74,39321.05,2650.585,1610633999999,104253764.68405,24771,1412.437,55573997.97930,0
1610634000000,39321.04,39410.00,39203.19,39278.50,2102.150,1610634299999,82592751.93604,18588,1024.657,40272073.42938,0
1610634300000,39278.49,39395.00,39161.94,39300.38,1669.348,1610634599999,65532221.52649,16001,712.312,27975938.12492,0
1610634600000,39300.38,39600.00,39300.00,39434.52,3387.495,1610634899999,133744488.27888,30894,1944.009,76758697.46497,0
1610634900000,39434.52,39670.00,39415.00,39668.30,3217.535,1610635199999,127404626.02114,28188,1971.992,78103345.67539,0
1610635200000,39664.10,39719.00,39570.00,39594.51,3629.501,1610635499999,143963600.56878,29103,1863.059,73914956.44523,0
1610635500000,39595.34,39720.00,39549.00,39609.00,2042.252,1610635799999,80979501.22131,17470,1020.894,40490528.57095,0
1610635800000,39615.12,39724.00,39556.02,39651.89,1781.726,1610636099999,70664354.92888,15220,929.931,36889752.97439,0
1610636100000,39651.89,39700.00,39534.00,39588.00,1607.325,1610636399999,63659751.50924,14567,707.816,28033922.94003,0
1610636400000,39588.00,39690.96,39458.00,39483.53,2225.145,1610636699999,87968454.50033,20392,817.624,32332845.44162,0
1610636700000,39483.54,39648.97,39372.00,39616.52,2353.013,1610636999999,92946006.08461,19843,943.609,37296995.50822,0
1610637000000,39617.88,39700.00,39529.30,39562.71,1494.767,1610637299999,59243544.20332,15253,695.274,27564656.37092,0
1610637300000,39561.42,39722.00,39553.61,39719.00,1227.569,1610637599999,48701949.53191,11691,764.434,30327426.39684,0
1610637600000,39718.44,39720.71,39550.01,39636.48,1112.543,1610637899999,44116070.34887,11773,451.729,17914641.55363,0
1610637900000,39636.22,39940.00,39590.00,39879.99,4820.960,1610638199999,191778006.71339,26168,3728.354,148300675.15616,0
1610638200000,39880.00,40087.00,39806.49,40079.93,4086.453,1610638499999,163287343.44678,31860,2318.203,92662908.79034,0
1610638500000,40071.25,40189.39,39691.00,39781.31,4765.123,1610638799999,190317974.41961,39707,1917.083,76602274.70870,0
1610638800000,39781.27,39900.00,39612.00,39630.15,2743.710,1610639099999,109001803.93031,24030,1299.438,51640665.57948,0
1610639100000,39630.15,39750.00,39456.00,39571.64,2601.887,1610639399999,103041721.17031,22847,1096.915,43457882.05033,0
1610639400000,39571.65,39700.00,39506.60,39509.32,1350.556,1610639699999,53487565.97730,13136,602.168,23855025.08818,0
1610639700000,39509.61,39626.68,39461.00,39580.96,1379.000,1610639999999,54521966.93203,14365,702.031,27763611.60146,0
1610640000000,39580.96,39859.08,39580.95,39827.51,2513.778,1610640299999,99900136.29673,24170,1461.150,58067298.06436,0
1610640300000,39827.44,39898.00,39644.51,39848.39,1386.036,1610640599999,55118313.36259,15998,653.077,25978057.75934,0
1610640600000,39848.40,40000.00,39840.98,39988.52,1902.163,1610640899999,75952333.06212,19171,1021.205,40782345.93922,0
1610640900000,39988.52,40061.83,39859.45,39917.48,1716.130,1610641199999,68593494.58425,18195,797.914,31905537.23041,0
1610641200000,39917.48,39988.99,39610.00,39681.51,2294.454,1610641499999,91188687.28786,21755,849.381,33761741.61194,0
1610641500000,39681.51,39910.45,39681.50,39740.00,1619.251,1610641799999,64434866.57234,15025,853.811,33981320.10942,0
1610641800000,39740.00,39840.00,39709.96,39729.86,728.827,1610642099999,28985957.35605,10290,442.776,17609998.91853,0
1610642100000,39732.55,39745.93,39644.04,39680.27,816.037,1610642399999,32384946.69867,9964,374.468,14861810.98792,0
1610642400000,39681.86,39900.00,39670.00,39856.48,1121.444,1610642699999,44661376.39125,11834,619.324,24664980.43980,0
1610642700000,39853.84,39853.84,39501.72,39515.26,1879.725,1610642999999,74466070.49627,16653,658.332,26084819.99606,0
1610643000000,39511.30,39600.89,39300.00,39345.37,2576.045,1610643299999,101549250.00644,21267,886.446,34960866.90877,0
1610643300000,39341.86,39500.00,39241.00,39323.31,1928.086,1610643599999,75896573.97312,17973,868.021,34187513.16075,0
1610643600000,39326.96,39555.00,39324.07,39479.99,1312.986,1610643899999,51809631.44081,13984,776.786,30650455.44057,0
1610643900000,39479.99,39546.99,39354.20,39545.51,724.662,1610644199999,28585172.57493,8686,385.329,15202524.41509,0
1610644200000,39545.50,39675.00,39531.99,39665.92,1256.174,1610644499999,49761539.84409,13443,669.324,26514213.93295,0
1610644500000,39665.91,39688.00,39555.00,39576.51,614.483,1610644799999,24337929.61348,7951,206.242,8170495.67470,0
1610644800000,39577.00,39817.19,39571.78,39743.07,1405.022,1610645099999,55830149.83522,13501,787.406,31285423.34072,0
1610645100000,39743.07,39941.36,39736.01,39815.80,1667.229,1610645399999,66442067.58174,14809,960.271,38277296.03740,0
1610645400000,39815.79,39900.00,39750.00,39794.27,929.772,1610645699999,37005446.39338,9251,425.938,16956920.16861,0
1610645700000,39798.16,39813.51,39634.54,39759.02,1014.612,1610645999999,40303286.91433,9222,360.714,14333268.59797,0
1610646000000,39759.03,39808.54,39589.90,39595.34,644.623,1610646299999,25576196.43280,8484,248.561,9863822.69321,0
1610646300000,39601.34,39667.50,39507.43,39542.50,738.134,1610646599999,29207357.84640,8546,362.905,14361764.09732,0
1610646600000,39541.12,39598.00,39480.50,39509.70,801.883,1610646899999,31695612.86602,8298,322.578,12753456.29117,0
1610646900000,39510.06,39572.85,39438.90,39460.01,637.745,1610647199999,25190680.86118,7548,338.137,13360639.52389,0
1610647200000,39460.00,39620.03,39430.01,39431.00,852.597,1610647499999,33705433.76590,10126,474.761,18772343.58806,0
1610647500000,39431.00,39621.32,39430.00,39487.49,767.078,1610647799999,30329595.13652,9310,403.449,15954279.43324,0
1610647800000,39485.15,39654.48,39481.16,39620.95,525.555,1610648099999,20807359.33756,7191,320.644,12694570.92705,0
1610648100000,39620.94,39629.31,39511.57,39551.29,381.038,1610648399999,15079029.88174,5595,145.376,5753661.12813,0
1610648400000,39551.29,39556.50,39410.00,39420.00,771.712,1610648699999,30460430.86288,7960,265.056,10464103.29334,0
1610648700000,39420.00,39457.21,39336.49,39427.99,764.576,1610648999999,30118605.52495,9514,361.083,14226354.44388,0
1610649000000,39427.99,39560.90,39340.00,39453.30,816.209,1610649299999,32221808.03774,9408,422.347,16676270.01323,0
1610649300000,39450.12,39596.25,39448.40,39483.00,525.226,1610649599999,20767731.49863,6742,227.548,8998525.10931,0
1610649600000,39482.24,39482.24,39302.57,39317.46,714.438,1610649899999,28141918.29907,9260,261.745,10309983.82799,0
1610649900000,39320.00,39519.65,39300.00,39464.49,872.705,1610650199999,34388052.34826,9443,497.593,19609889.05824,0
1610650200000,39466.38,39528.00,39357.43,39388.17,607.641,1610650499999,23970342.29826,7140,195.073,7695919.01561,0
1610650500000,39386.60,39516.58,39351.43,39391.81,723.592,1610650799999,28541216.52110,8051,313.534,12365003.05112,0
1610650800000,39391.61,39698.93,39380.00,39651.23,1185.655,1610651099999,46931133.15965,12391,686.440,27174792.31753,0
1610651100000,39646.03,39673.21,39510.00,39573.74,838.890,1610651399999,33214398.84868,8518,287.153,11370938.54991,0
1610651400000,39573.73,39669.00,39550.00,39558.40,694.599,1610651699999,27513179.63130,7943,369.898,14654503.81147,0
1610651700000,39559.24,39696.08,39559.24,39585.00,656.932,1610651999999,26033052.17012,7335,297.287,11780317.51639,0
1610652000000,39585.00,39822.00,39579.01,39789.72,904.573,1610652299999,35917845.29329,10114,650.875,25844182.41806,0
1610652300000,39790.87,39800.00,39672.84,39674.36,781.700,1610652599999,31058016.30370,9324,390.686,15523815.78216,0
1610652600000,39674.36,39747.21,39663.01,39686.01,536.832,1610652899999,21315203.04638,6522,305.200,12119687.48412,0
1610652900000,39686.00,39780.00,39555.00,39563.10,824.493,1610653199999,32718726.93050,9077,330.659,13128522.94655,0
1610653200000,39561.44,39648.00,39511.21,39647.99,753.192,1610653499999,29798434.25586,8522,434.068,17176066.61759,0
1610653500000,39648.00,39760.00,39635.60,39721.46,1026.932,1610653799999,40785356.44511,9170,603.138,23953884.86590,0
1610653800000,39719.12,39916.82,39711.44,39896.55,1133.782,1610654099999,45170073.92019,10924,684.385,27263130.57712,0
1610654100000,39896.11,39968.00,39823.00,39925.50,1054.314,1610654399999,42078705.82494,12061,514.276,20529505.46427,0
1610654400000,39923.48,39999.00,39791.37,39823.96,1635.555,1610654699999,65239379.58084,13380,728.115,29045289.03822,0
1610654700000,39823.96,39834.86,39714.72,39721.50,690.199,1610654999999,27451932.35724,8101,274.855,10931070.71932,0
1610655000000,39725.05,39789.98,39661.17,39726.63,689.890,1610655299999,27405095.94001,7576,346.535,13768682.43224,0
1610655300000,39728.32,39763.08,39675.00,39678.85,459.795,1610655599999,18259209.09022,5345,269.369,10697784.83057,0
1610655600000,39678.86,39738.74,39565.92,39638.32,1138.702,1610655899999,45136541.85318,10501,567.734,22504045.25209,0
1610655900000,39637.68,39650.02,39530.00,39600.98,816.302,1610656199999,32320187.43028,7635,448.956,17777039.15383,0
1610656200000,39600.97,39719.00,39558.59,39582.07,671.790,1610656499999,26621779.23057,7078,429.221,17011225.97165,0
1610656500000,39582.06,39656.51,39560.50,39611.90,535.967,1610656799999,21217540.97430,5467,285.619,11306634.57832,0
1610656800000,39609.49,39790.00,39551.75,39790.00,580.275,1610657099999,23023857.64377,6811,344.848,13689644.37741,0
1610657100000,39789.99,39789.99,39635.35,39653.46,514.441,1610657399999,20428293.23039,6041,174.983,6948912.59096,0
1610657400000,39653.46,39653.48,39447.71,39456.50,937.598,1610657699999,37058176.32419,9905,384.190,15183151.31592,0
1610657700000,39458.49,39498.37,39333.88,39347.95,1297.064,1610657999999,51094923.48826,12033,638.084,25136627.39742,0
1610658000000,39350.06,39478.58,39333.16,39425.76,1129.709,1610658299999,44532413.19266,10809,647.076,25508223.42985,0
1610658300000,39425.75,39487.24,39351.00,39429.27,599.466,1610658599999,23628430.15820,7037,270.967,10681679.45048,0
1610658600000,39430.58,39450.00,38830.71,39054.55,4069.282,1610658899999,159099071.85391,33379,1285.869,50257167.61125,0
1610658900000,39053.11,39286.33,38600.00,38747.40,4617.984,1610659199999,179725866.47055,37008,1693.086,65938788.70753,0
1610659200000,38743.00,38877.79,38529.35,38779.12,3380.034,1610659499999,130864693.06971,31289,1648.866,63850381.85609,0
1610659500000,38779.11,38852.41,38537.66,38537.66,2652.184,1610659799999,102531501.52475,23729,1222.373,47264017.07137,0
1610659800000,38536.84,38709.00,38404.66,38708.99,4453.070,1610660099999,171469067.97728,33980,1867.240,71946127.99112,0
1610660100000,38708.99,38735.00,38455.00,38500.00,1439.926,1610660399999,55598527.61570,15217,580.130,22409122.44191,0
1610660400000,38497.60,38569.73,38385.00,38568.03,2699.736,1610660699999,103788108.43804,22319,1128.202,43397902.27855,0
1610660700000,38569.90,38700.00,38506.46,38640.52,1520.369,1610660999999,58728112.50912,14179,879.735,33986487.57533,0
1610661000000,38640.51,38750.00,38523.50,38673.00,1244.788,1610661299999,48120356.47083,12444,698.502,27009155.10881,0
1610661300000,38673.01,38960.56,38673.01,38820.50,1893.885,1610661599999,73589308.89796,16496,1262.406,49045712.26017,0
1610661600000,38822.64,38825.33,38640.62,38652.61,1305.815,1610661899999,50570708.88438,12808,586.431,22713389.05182,0
1610661900000,38652.62,38915.00,38652.50,38828.13,740.027,1610662199999,28716792.02117,9979,471.967,18315597.81622,0
1610662200000,38828.13,38990.00,38800.00,38800.01,1393.970,1610662499999,54241020.59612,10847,760.244,29592235.28754,0
1610662500000,38800.01,38820.00,38552.40,38655.48,946.464,1610662799999,36625276.55255,9802,282.833,10947590.61892,0
1610662800000,38654.09,38778.37,38650.88,38712.65,632.675,1610663099999,24495110.00793,7219,284.867,11028294.31595,0
1610663100000,38712.66,38713.50,38501.84,38610.01,926.318,1610663399999,35738074.18530,9921,306.249,11815334.78728,0
1610663400000,38610.01,38744.36,38600.00,38600.00,763.079,1610663699999,29514030.94360,8105,264.813,10242775.47147,0
1610663700000,38600.00,38658.55,38470.00,38536.96,803.840,1610663999999,30977476.36252,8957,286.488,11043531.06142,0
1610664000000,38536.95,38670.00,38531.00,38665.50,630.507,1610664299999,24329703.88544,6987,318.675,12298819.78498,0
1610664300000,38664.63,38927.98,38663.00,38924.50,800.410,1610664599999,31070694.51430,8580,473.560,18382062.26089,0
1610664600000,38924.50,39150.00,38813.02,38978.01,2482.039,1610664899999,96855253.13282,19609,1307.305,51018002.51219,0
1610664900000,38975.83,39200.00,38956.01,39048.84,1127.262,1610665199999,44064338.80725,11372,657.191,25700769.62761,0
1610665200000,39045.84,39140.00,38956.02,39072.51,933.986,1610665499999,36476215.47351,10335,465.892,18199494.96878,0
1610665500000,39074.66,39119.31,38947.11,38953.65,655.560,1610665799999,25585708.02051,7415,257.487,10053684.95000,0
1610665800000,38953.64,39098.51,38902.90,39008.27,686.738,1610666099999,26781289.37888,9024,378.423,14759471.01681,0
1610666100000,39008.28,39290.00,38980.00,39139.24,1260.256,1610666399999,49377744.17993,12678,805.137,31541480.47969,0
1610666400000,39139.24,39139.25,39058.18,39067.25,496.943,1610666699999,19427505.49930,5544,281.414,11000978.93543,0
1610666700000,39067.26,39148.17,38906.77,38908.89,719.746,1610666999999,28066221.64790,6702,363.606,14179628.40881,0
1610667000000,38908.89,38971.37,38761.10,38859.21,979.535,1610667299999,38063457.52843,9205,511.359,19874776.02318,0
1610667300000,38857.64,39030.00,38852.77,39030.00,731.555,1610667599999,28483781.51880,6240,499.717,19456406.75449,0
1610667600000,39030.00,39070.00,38981.68,38985.24,452.093,1610667899999,17641206.72097,5464,222.758,8693541.80545,0
1610667900000,38985.24,39210.96,38981.21,39205.54,766.402,1610668199999,30000804.92409,7320,470.927,18435521.70432,0
1610668200000,39206.52,39362.40,39200.00,39251.99,1209.014,1610668499999,47489816.82750,12364,619.931,24354312.74809,0
1610668500000,39251.99,39356.32,39131.89,39163.31,1400.999,1610668799999,55011198.93106,12460,488.593,19190959.72667,0
