open_time,open,high,low,close,volume,close_time,quote_volume,count,taker_buy_volume,taker_buy_quote_volume,ignore
1661644800000,0.3345,0.3348,0.3342,0.3343,1352635.1,1661644859999,452457.62854,607,717565.9,240079.85529,0
1661644860000,0.3342,0.3344,0.3341,0.3341,327931.0,1661644919999,109610.47751,240,90068.4,30112.46033,0
1661644920000,0.3342,0.3344,0.3341,0.3342,293995.3,1661644979999,98268.58697,249,119376.3,39904.78449,0
1661644980000,0.3342,0.3342,0.3339,0.3340,1281812.5,1661645039999,428163.03134,506,545233.8,182129.38066,0
1661645040000,0.3341,0.3344,0.3340,0.3343,289220.2,1661645099999,96643.39094,228,223882.9,74813.96785,0
1661645100000,0.3344,0.3344,0.3342,0.3342,307322.5,1661645159999,102745.46516,189,131898.0,44101.27321,0
1661645160000,0.3342,0.3345,0.3342,0.3344,305139.3,1661645219999,102027.77971,268,149576.0,50018.72153,0
1661645220000,0.3345,0.3346,0.3344,0.3344,318084.1,1661645279999,106389.26022,188,86065.6,28788.97499,0
1661645280000,0.3345,0.3348,0.3344,0.3347,562673.8,1661645339999,188296.48282,250,471269.0,157707.86833,0
1661645340000,0.3347,0.3348,0.3347,0.3347,170894.4,1661645399999,57205.67363,153,73179.5,24500.49660,0
1661645400000,0.3348,0.3352,0.3347,0.3352,850729.8,1661645459999,284998.52590,263,783681.3,262539.13830,0
1661645460000,0.3351,0.3352,0.3350,0.3351,269971.1,1661645519999,90472.19060,152,120840.6,40503.38225,0
1661645520000,0.3350,0.3352,0.3348,0.3348,284545.0,1661645579999,95328.96864,214,70165.1,23508.67562,0
1661645580000,0.3348,0.3350,0.3348,0.3350,132638.7,1661645639999,44429.28702,144,123720.5,41443.29004,0
1661645640000,0.3349,0.3351,0.3348,0.3348,505161.7,1661645699999,169218.59391,255,151609.7,50791.67981,0
1661645700000,0.3348,0.3352,0.3348,0.3352,401301.1,1661645759999,134459.03813,222,166734.6,55865.08367,0
1661645760000,0.3351,0.3355,0.3351,0.3354,610226.6,1661645819999,204623.61401,221,490266.1,164394.44731,0
1661645820000,0.3353,0.3354,0.3351,0.3352,346131.4,1661645879999,116050.39618,187,100778.2,33796.74525,0
1661645880000,0.3351,0.3353,0.3351,0.3352,185389.5,1661645939999,62137.56892,134,67714.1,22697.79824,0
1661645940000,0.3352,0.3355,0.3350,0.3351,486336.3,1661645999999,163064.74794,209,249531.7,83674.73622,0
1661646000000,0.3350,0.3350,0.3342,0.3343,1259219.3,1661646059999,421395.60410,550,295507.9,98877.25084,0
1661646060000,0.3343,0.3344,0.3340,0.3341,585731.6,1661646119999,195754.64154,290,314112.7,104976.49352,0
1661646120000,0.3341,0.3343,0.3340,0.3341,504968.2,1661646179999,168762.87357,291,294986.1,98591.78979,0
1661646180000,0.3340,0.3342,0.3339,0.3341,704555.5,1661646239999,235315.68289,280,131883.9,44060.28203,0
1661646240000,0.3340,0.3341,0.3339,0.3340,116545.0,1661646299999,38927.80841,105,110233.5,36819.81552,0
1661646300000,0.3340,0.3341,0.3338,0.3339,249561.6,1661646359999,83335.68584,165,114172.7,38129.06845,0
1661646360000,0.3340,0.3340,0.3335,0.3336,1269987.2,1661646419999,423761.77060,469,238791.1,79673.33874,0
1661646420000,0.3336,0.3340,0.3336,0.3339,483214.4,1661646479999,161286.09187,279,351710.9,117399.12040,0
1661646480000,0.3339,0.3343,0.3338,0.3342,183057.6,1661646539999,61140.22088,141,172566.9,57635.75846,0
1661646540000,0.3342,0.3344,0.3342,0.3342,132915.4,1661646599999,44435.66278,107,75247.6,25157.44657,0
1661646600000,0.3343,0.3343,0.3339,0.3339,399199.5,1661646659999,133358.72653,193,89082.1,29766.04681,0
1661646660000,0.3339,0.3342,0.3339,0.3339,296515.9,1661646719999,99041.97493,174,166437.8,55597.24417,0
1661646720000,0.3339,0.3339,0.3335,0.3337,356619.2,1661646779999,119012.18863,210,198525.3,66262.31990,0
1661646780000,0.3337,0.3338,0.3336,0.3336,150538.9,1661646839999,50231.29430,101,61669.0,20579.09808,0
1661646840000,0.3336,0.3339,0.3336,0.3336,433924.2,1661646899999,144822.63979,247,278741.5,93033.63636,0
1661646900000,0.3336,0.3336,0.3332,0.3334,1053314.1,1661646959999,351120.49290,333,245317.6,81791.21573,0
1661646960000,0.3334,0.3337,0.3334,0.3335,484762.1,1661647019999,161706.06938,243,282052.3,94086.89641,0
1661647020000,0.3336,0.3338,0.3336,0.3336,339573.8,1661647079999,113317.09389,231,268031.7,89444.29507,0
1661647080000,0.3336,0.3340,0.3336,0.3339,84607.2,1661647139999,28238.48785,100,71761.7,23950.03040,0
1661647140000,0.3340,0.3341,0.3338,0.3338,376330.3,1661647199999,125673.16380,194,205219.3,68542.54379,0
1661647200000,0.3338,0.3339,0.3337,0.3338,146050.5,1661647259999,48745.39457,119,71410.7,23836.89860,0
1661647260000,0.3338,0.3342,0.3338,0.3340,233471.1,1661647319999,77986.02590,169,139697.3,46656.97852,0
1661647320000,0.3341,0.3342,0.3341,0.3341,32758.2,1661647379999,10944.95889,47,28508.8,9525.23435,0
1661647380000,0.3341,0.3344,0.3340,0.3341,277232.6,1661647439999,92631.11255,234,94904.5,31709.51251,0
1661647440000,0.3341,0.3342,0.3340,0.3342,65012.3,1661647499999,21721.87874,101,41590.8,13897.68055,0
1661647500000,0.3341,0.3343,0.3340,0.3343,415086.4,1661647559999,138721.88034,205,340113.2,113672.93017,0
1661647560000,0.3343,0.3343,0.3342,0.3343,33868.9,1661647619999,11321.31862,23,23322.4,7796.67832,0
1661647620000,0.3343,0.3343,0.3342,0.3342,40730.9,1661647679999,13614.55621,67,22894.3,7653.56449,0
1661647680000,0.3342,0.3345,0.3342,0.3343,218485.7,1661647739999,73045.74949,203,111174.9,37168.61864,0
1661647740000,0.3343,0.3344,0.3341,0.3341,253467.8,1661647799999,84707.88510,113,17539.8,5863.62003,0
1661647800000,0.3342,0.3343,0.3341,0.3341,351079.9,1661647859999,117329.79581,218,231631.3,77411.36257,0
1661647860000,0.3341,0.3345,0.3341,0.3344,68086.4,1661647919999,22758.37800,81,53202.7,17785.50580,0
1661647920000,0.3345,0.3345,0.3343,0.3343,89940.9,1661647979999,30074.32362,75,29854.0,9983.20249,0
1661647980000,0.3343,0.3346,0.3343,0.3346,420711.9,1661648039999,140702.64696,187,196667.6,65782.85879,0
1661648040000,0.3346,0.3346,0.3345,0.3345,55678.8,1661648099999,18628.79345,80,43556.2,14573.78375,0
1661648100000,0.3344,0.3346,0.3343,0.3345,156887.6,1661648159999,52467.00622,88,107105.4,35820.48899,0
1661648160000,0.3346,0.3346,0.3345,0.3345,96394.3,1661648219999,32246.89554,58,62190.8,20805.82479,0
1661648220000,0.3345,0.3345,0.3342,0.3343,246908.1,1661648279999,82544.03241,137,125887.7,42084.29099,0
1661648280000,0.3343,0.3346,0.3343,0.3345,267985.9,1661648339999,89636.65181,131,106983.6,35785.70806,0
1661648340000,0.3345,0.3347,0.3345,0.3346,122604.1,1661648399999,41019.80606,77,61492.7,20578.01235,0
1661648400000,0.3346,0.3347,0.3344,0.3344,102350.7,1661648459999,34241.07120,151,43142.4,14435.13249,0
1661648460000,0.3345,0.3346,0.3343,0.3344,126074.7,1661648519999,42171.04432,128,77521.3,25930.51524,0
1661648520000,0.3344,0.3344,0.3342,0.3342,191093.7,1661648579999,63890.41849,147,79628.2,26627.53574,0
1661648580000,0.3342,0.3342,0.3339,0.3340,696239.6,1661648639999,232575.38403,314,201530.4,67320.05854,0
1661648640000,0.3340,0.3341,0.3339,0.3340,80935.4,1661648699999,27032.61418,73,46844.2,15646.18403,0
1661648700000,0.3340,0.3343,0.3340,0.3343,197373.0,1661648759999,65946.44702,217,185645.4,62028.18981,0
1661648760000,0.3342,0.3344,0.3342,0.3344,63933.0,1661648819999,21375.16992,80,57948.5,19374.65655,0
1661648820000,0.3343,0.3344,0.3342,0.3343,79833.8,1661648879999,26688.15331,101,51156.3,17101.57353,0
1661648880000,0.3342,0.3343,0.3340,0.3341,373545.0,1661648939999,124823.84078,250,264071.0,88239.79064,0
1661648940000,0.3342,0.3342,0.3341,0.3342,15075.9,1661648999999,5037.22576,25,3675.7,1228.41894,0
1661649000000,0.3341,0.3343,0.3341,0.3341,95970.5,1661649059999,32072.73461,162,61060.4,20406.54068,0
1661649060000,0.3342,0.3343,0.3341,0.3343,86722.2,1661649119999,28982.13531,149,67343.4,22507.34877,0
1661649120000,0.3342,0.3345,0.3342,0.3344,314185.1,1661649179999,105027.32114,219,154418.4,51620.73792,0
1661649180000,0.3345,0.3345,0.3343,0.3344,331835.0,1661649239999,110979.94007,226,228372.6,76382.53146,0
1661649240000,0.3344,0.3344,0.3343,0.3344,7517.6,1661649299999,2513.85268,49,7190.0,2404.33600,0
1661649300000,0.3344,0.3347,0.3341,0.3347,767244.1,1661649359999,256491.36757,353,255321.6,85395.55537,0
1661649360000,0.3346,0.3347,0.3344,0.3347,387070.8,1661649419999,129494.99855,244,224164.3,75001.72747,0
1661649420000,0.3347,0.3354,0.3347,0.3352,1098401.9,1661649479999,367972.06154,552,686017.0,229790.03530,0
1661649480000,0.3352,0.3358,0.3351,0.3353,2033636.7,1661649539999,682244.44272,667,1199634.2,402505.10961,0
1661649540000,0.3352,0.3357,0.3352,0.3355,318811.4,1661649599999,106977.16966,161,162375.4,54487.32543,0
1661649600000,0.3355,0.3357,0.3355,0.3356,382932.6,1661649659999,128511.54282,263,188374.0,63220.61549,0
1661649660000,0.3356,0.3358,0.3356,0.3357,303595.7,1661649719999,101906.87532,219,80471.1,27017.30545,0
1661649720000,0.3357,0.3357,0.3354,0.3355,346801.0,1661649779999,116379.66201,215,182887.7,61378.46600,0
1661649780000,0.3355,0.3356,0.3353,0.3355,479596.6,1661649839999,160904.36347,276,245023.5,82218.86704,0
1661649840000,0.3355,0.3359,0.3354,0.3359,331792.8,1661649899999,111368.11354,209,260134.5,87326.85108,0
1661649900000,0.3358,0.3360,0.3356,0.3359,193924.4,1661649959999,65118.89870,182,79278.2,26623.28985,0
1661649960000,0.3359,0.3359,0.3354,0.3355,189919.4,1661650019999,63743.61793,129,21066.5,7074.03512,0
1661650020000,0.3354,0.3355,0.3353,0.3355,160168.4,1661650079999,53724.66783,133,140075.5,46986.19219,0
1661650080000,0.3355,0.3355,0.3352,0.3353,199655.8,1661650139999,66940.47694,128,14685.1,4924.45557,0
1661650140000,0.3353,0.3353,0.3350,0.3350,266700.5,1661650199999,89391.01569,171,60142.8,20164.82820,0
1661650200000,0.3351,0.3353,0.3350,0.3351,775962.8,1661650259999,260068.14146,328,504646.1,169162.91184,0
1661650260000,0.3351,0.3352,0.3350,0.3350,80447.7,1661650319999,26958.92411,105,9295.2,3115.74852,0
1661650320000,0.3350,0.3351,0.3347,0.3347,199450.3,1661650379999,66791.15731,211,67170.2,22492.42227,0
1661650380000,0.3348,0.3351,0.3347,0.3350,305677.3,1661650439999,102379.50767,190,204899.4,68628.42956,0
1661650440000,0.3351,0.3352,0.3349,0.3350,203435.3,1661650499999,68162.83209,181,93730.2,31406.63497,0
1661650500000,0.3350,0.3352,0.3350,0.3351,257971.6,1661650559999,86453.13469,159,186917.4,62643.72814,0
1661650560000,0.3352,0.3353,0.3351,0.3351,164556.8,1661650619999,55156.58245,101,75436.0,25286.19931,0
1661650620000,0.3351,0.3352,0.3349,0.3349,216005.6,1661650679999,72375.58033,89,45837.7,15361.18181,0
1661650680000,0.3349,0.3350,0.3348,0.3349,142065.7,1661650739999,47577.41071,79,39718.7,13302.30665,0
1661650740000,0.3348,0.3353,0.3348,0.3352,550889.7,1661650799999,184568.98403,251,397168.7,133072.69891,0
1661650800000,0.3353,0.3353,0.3349,0.3349,513130.2,1661650859999,171954.01565,228,190497.8,63839.55985,0
1661650860000,0.3349,0.3351,0.3349,0.3350,171786.1,1661650919999,57548.87308,86,78616.5,26337.18148,0
1661650920000,0.3351,0.3352,0.3350,0.3350,282814.3,1661650979999,94757.77264,127,66582.7,22308.51618,0
1661650980000,0.3350,0.3354,0.3349,0.3354,690794.6,1661651039999,231529.37255,273,511790.0,171534.34709,0
1661651040000,0.3353,0.3354,0.3349,0.3350,598288.9,1661651099999,200484.29936,250,266355.6,89257.04045,0
1661651100000,0.3350,0.3350,0.3347,0.3348,318930.4,1661651159999,106796.26743,149,89652.4,30024.54651,0
1661651160000,0.3347,0.3348,0.3342,0.3342,943653.2,1661651219999,315707.58113,440,303747.2,101635.77191,0
1661651220000,0.3343,0.3344,0.3342,0.3343,361236.5,1661651279999,120747.18436,180,208088.5,69564.02507,0
1661651280000,0.3344,0.3344,0.3338,0.3339,787398.8,1661651339999,263017.81712,354,282209.6,94277.04453,0
1661651340000,0.3339,0.3339,0.3337,0.3338,674892.4,1661651399999,225296.47194,363,387378.5,129322.36457,0
1661651400000,0.3339,0.3339,0.3335,0.3336,836364.7,1661651459999,279102.65045,382,389465.6,129977.53905,0
1661651460000,0.3336,0.3337,0.3335,0.3336,335962.8,1661651519999,112074.42111,213,230169.2,76784.80693,0
1661651520000,0.3336,0.3336,0.3331,0.3333,1216185.8,1661651579999,405350.03514,463,406132.6,135374.14117,0
1661651580000,0.3334,0.3334,0.3332,0.3334,235412.9,1661651639999,78474.10238,120,148357.6,49458.74089,0
1661651640000,0.3334,0.3334,0.3331,0.3333,743834.1,1661651699999,247860.40997,298,280265.6,93399.03192,0
1661651700000,0.3333,0.3333,0.3327,0.3328,2103843.0,1661651759999,700495.66454,751,559649.2,186350.63932,0
1661651760000,0.3329,0.3332,0.3323,0.3331,2866583.8,1661651819999,953575.42023,1064,1573950.0,523711.06816,0
1661651820000,0.3331,0.3331,0.3325,0.3326,522694.4,1661651879999,173947.61607,263,225999.0,75215.77172,0
1661651880000,0.3326,0.3327,0.3325,0.3327,180725.5,1661651939999,60115.31056,136,79052.0,26298.85462,0
1661651940000,0.3327,0.3328,0.3325,0.3327,281825.8,1661651999999,93756.84303,152,182612.7,60759.78998,0
1661652000000,0.3328,0.3330,0.3327,0.3330,951554.3,1661652059999,316789.46063,463,660821.9,220001.92623,0
1661652060000,0.3330,0.3331,0.3329,0.3330,335894.5,1661652119999,111852.00344,200,127092.8,42328.56888,0
1661652120000,0.3330,0.3334,0.3330,0.3332,418629.7,1661652179999,139498.44760,254,360618.3,120167.99782,0
1661652180000,0.3333,0.3335,0.3332,0.3334,325737.3,1661652239999,108592.17632,236,216163.7,72063.45172,0
1661652240000,0.3335,0.3339,0.3334,0.3339,343681.9,1661652299999,114662.25711,276,239054.5,79762.42823,0
1661652300000,0.3338,0.3339,0.3336,0.3338,140770.6,1661652359999,46977.59426,162,40887.5,13646.67697,0
1661652360000,0.3337,0.3338,0.3337,0.3337,75923.0,1661652419999,25338.50550,73,30004.0,10015.33520,0
1661652420000,0.3337,0.3338,0.3334,0.3335,331772.9,1661652479999,110668.44032,153,19938.7,6651.40129,0
1661652480000,0.3334,0.3335,0.3334,0.3334,109308.5,1661652539999,36447.56772,106,41138.2,13719.58970,0
1661652540000,0.3334,0.3335,0.3334,0.3334,40569.1,1661652599999,13527.70075,70,19628.1,6545.97135,0
1661652600000,0.3334,0.3338,0.3334,0.3335,470914.8,1661652659999,157111.03120,288,287089.9,95778.68112,0
1661652660000,0.3335,0.3336,0.3333,0.3333,151665.1,1661652719999,50567.89336,102,26899.6,8971.05306,0
1661652720000,0.3333,0.3335,0.3333,0.3335,133286.1,1661652779999,44437.83731,118,44927.1,14979.28359,0
1661652780000,0.3334,0.3336,0.3333,0.3335,179430.1,1661652839999,59827.42478,150,111855.4,37299.42055,0
1661652840000,0.3335,0.3336,0.3335,0.3335,402845.7,1661652899999,134350.01384,136,179790.8,59961.20469,0
1661652900000,0.3335,0.3335,0.3333,0.3334,335832.6,1661652959999,111961.01989,174,49658.3,16560.13429,0
1661652960000,0.3333,0.3337,0.3333,0.3336,140539.4,1661653019999,46866.74578,122,134832.9,44964.34544,0
1661653020000,0.3336,0.3338,0.3336,0.3338,70492.1,1661653079999,23524.62221,77,49653.0,16570.83166,0
1661653080000,0.3337,0.3338,0.3335,0.3338,234026.1,1661653139999,78076.00061,175,101013.7,33701.59075,0
1661653140000,0.3337,0.3338,0.3336,0.3337,42255.3,1661653199999,14101.33283,50,16393.7,5471.47980,0
1661653200000,0.3336,0.3338,0.3336,0.3337,398458.8,1661653259999,132966.97155,193,275569.5,91961.96416,0
1661653260000,0.3337,0.3337,0.3336,0.3336,154534.7,1661653319999,51563.42179,125,79458.2,26515.20134,0
1661653320000,0.3337,0.3337,0.3336,0.3336,9431.0,1661653379999,3146.68179,20,5001.9,1669.13403,0
1661653380000,0.3336,0.3337,0.3336,0.3336,40128.7,1661653439999,13388.06503,62,11307.1,3773.17927,0
1661653440000,0.3337,0.3339,0.3336,0.3339,279387.7,1661653499999,93263.60953,168,208983.3,69766.58805,0
1661653500000,0.3338,0.3340,0.3338,0.3340,375975.7,1661653559999,125553.02803,199,254614.6,85031.58414,0
1661653560000,0.3339,0.3348,0.3339,0.3346,913200.5,1661653619999,305450.66635,489,390110.1,130453.86861,0
1661653620000,0.3345,0.3348,0.3344,0.3347,580420.6,1661653679999,194239.04278,320,166800.7,55824.15558,0
1661653680000,0.3346,0.3350,0.3346,0.3350,963469.9,1661653739999,322573.49518,368,466170.8,156120.50824,0
1661653740000,0.3350,0.3351,0.3349,0.3350,513940.0,1661653799999,172189.98476,262,305094.8,102227.08542,0
1661653800000,0.3350,0.3352,0.3349,0.3351,641458.8,1661653859999,214905.64442,372,378043.0,126666.29984,0
1661653860000,0.3351,0.3359,0.3351,0.3354,2497343.8,1661653919999,838010.59396,996,1059177.2,355454.47685,0
1661653920000,0.3355,0.3356,0.3354,0.3354,225593.3,1661653979999,75683.10761,160,110240.4,36986.07930,0
1661653980000,0.3354,0.3356,0.3353,0.3353,456570.7,1661654039999,153155.82312,233,169800.7,56960.48228,0
1661654040000,0.3354,0.3354,0.3351,0.3352,488425.6,1661654099999,163735.60619,220,172535.9,57854.20156,0
1661654100000,0.3351,0.3352,0.3346,0.3346,591386.4,1661654159999,198049.42282,281,136656.1,45787.96969,0
1661654160000,0.3346,0.3346,0.3344,0.3345,227651.7,1661654219999,76160.98062,120,89728.7,30018.61814,0
1661654220000,0.3346,0.3352,0.3346,0.3352,699410.5,1661654279999,234251.52808,238,560311.3,187650.79578,0
1661654280000,0.3351,0.3354,0.3350,0.3353,734572.0,1661654339999,246243.43551,233,528676.9,177229.42807,0
1661654340000,0.3353,0.3354,0.3353,0.3354,303944.6,1661654399999,101923.18892,163,152090.2,51003.98103,0
1661654400000,0.3354,0.3355,0.3353,0.3354,286164.6,1661654459999,95974.32571,152,137579.2,46144.11728,0
1661654460000,0.3355,0.3356,0.3353,0.3354,315949.5,1661654519999,105979.62415,171,165587.2,55551.78062,0
1661654520000,0.3355,0.3356,0.3353,0.3353,437427.4,1661654579999,146739.68354,232,262738.8,88142.23858,0
1661654580000,0.3353,0.3355,0.3352,0.3352,281295.2,1661654639999,94323.87409,160,123732.9,41492.88228,0
1661654640000,0.3352,0.3353,0.3351,0.3352,201306.9,1661654699999,67476.75467,126,73973.6,24797.90293,0
1661654700000,0.3351,0.3353,0.3349,0.3349,328055.9,1661654759999,109928.96410,228,98236.7,32926.61817,0
1661654760000,0.3349,0.3351,0.3349,0.3350,184866.8,1661654819999,61932.64476,106,122131.8,40921.41285,0
1661654820000,0.3349,0.3349,0.3345,0.3345,225338.6,1661654879999,75416.02014,133,18175.6,6082.32919,0
1661654880000,0.3345,0.3346,0.3342,0.3343,512128.7,1661654939999,171224.78847,239,59714.7,19973.16684,0
1661654940000,0.3342,0.3343,0.3338,0.3341,923281.2,1661654999999,308344.28435,468,422612.1,141150.24802,0
1661655000000,0.3341,0.3341,0.3340,0.3340,101812.4,1661655059999,34009.18364,74,38276.3,12788.11183,0
1661655060000,0.3340,0.3344,0.3340,0.3344,398781.3,1661655119999,133288.69266,222,313597.8,104820.30169,0
1661655120000,0.3343,0.3343,0.3339,0.3340,434330.4,1661655179999,145106.71583,265,195900.6,65447.69795,0
1661655180000,0.3341,0.3341,0.3337,0.3337,519133.7,1661655239999,173379.88216,210,277705.5,92771.40090,0
1661655240000,0.3337,0.3341,0.3337,0.3341,372678.2,1661655299999,124457.04351,205,287325.7,95959.10525,0
1661655300000,0.3341,0.3341,0.3338,0.3341,455243.2,1661655359999,151998.39830,208,190274.1,63539.71386,0
1661655360000,0.3341,0.3341,0.3338,0.3339,143985.3,1661655419999,48089.44919,136,66280.7,22139.61878,0
1661655420000,0.3339,0.3339,0.3338,0.3338,193290.8,1661655479999,64539.27900,121,188099.6,62806.45644,0
1661655480000,0.3338,0.3339,0.3337,0.3338,168637.7,1661655539999,56291.93738,114,49089.6,16386.94015,0
1661655540000,0.3338,0.3340,0.3337,0.3340,246331.2,1661655599999,82234.70175,171,149150.2,49795.65900,0
1661655600000,0.3339,0.3339,0.3337,0.3337,715355.1,1661655659999,238766.17094,382,124242.8,41473.35136,0
1661655660000,0.3338,0.3339,0.3336,0.3339,364625.6,1661655719999,121691.20541,228,162493.5,54239.36100,0
1661655720000,0.3339,0.3339,0.3337,0.3339,153373.0,1661655779999,51202.22004,136,126596.1,42264.57987,0
1661655780000,0.3338,0.3341,0.3338,0.3341,225655.7,1661655839999,75370.63131,189,199006.8,66469.99503,0
1661655840000,0.3341,0.3343,0.3340,0.3342,265973.5,1661655899999,88881.09183,239,237735.2,79444.35053,0
1661655900000,0.3341,0.3345,0.3341,0.3345,287447.1,1661655959999,96097.66659,178,132566.5,44322.03323,0
1661655960000,0.3345,0.3348,0.3344,0.3346,420423.1,1661656019999,140666.51492,245,287169.6,96078.22284,0
1661656020000,0.3346,0.3350,0.3346,0.3350,173329.5,1661656079999,58029.58654,189,138318.7,46309.75041,0
1661656080000,0.3349,0.3350,0.3348,0.3350,377905.0,1661656139999,126570.26085,199,250673.3,83961.41042,0
1661656140000,0.3350,0.3351,0.3348,0.3349,223724.8,1661656199999,74950.67058,147,126287.0,42311.76381,0
1661656200000,0.3348,0.3350,0.3348,0.3349,226372.1,1661656259999,75808.02358,133,118569.4,39711.00875,0
1661656260000,0.3349,0.3350,0.3347,0.3348,357904.6,1661656319999,119834.60156,148,77991.6,26112.19411,0
1661656320000,0.3348,0.3348,0.3345,0.3345,402807.4,1661656379999,134793.87873,164,217863.3,72906.13852,0
1661656380000,0.3345,0.3346,0.3345,0.3346,19375.5,1661656439999,6482.19717,33,10924.2,3655.23732,0
1661656440000,0.3345,0.3348,0.3345,0.3347,52235.7,1661656499999,17481.27532,77,45815.4,15332.40889,0
1661656500000,0.3347,0.3348,0.3345,0.3346,79154.9,1661656559999,26487.83084,81,4722.0,1580.04854,0
1661656560000,0.3345,0.3345,0.3343,0.3345,159399.1,1661656619999,53303.17974,143,70322.7,23516.45716,0
1661656620000,0.3345,0.3345,0.3342,0.3342,271355.7,1661656679999,90725.16585,151,61317.7,20506.18506,0
1661656680000,0.3343,0.3343,0.3342,0.3343,133388.2,1661656739999,44584.67600,94,63395.6,21193.14908,0
1661656740000,0.3343,0.3343,0.3341,0.3342,132264.7,1661656799999,44200.51870,56,2500.9,835.93192,0
1661656800000,0.3341,0.3345,0.3341,0.3345,90106.1,1661656859999,30121.04914,137,84215.6,28152.26665,0
1661656860000,0.3345,0.3345,0.3343,0.3344,29375.5,1661656919999,9822.75316,63,23127.9,7733.99809,0
1661656920000,0.3344,0.3344,0.3342,0.3343,197831.5,1661656979999,66133.77799,131,111149.4,37160.32643,0
1661656980000,0.3342,0.3343,0.3342,0.3342,6700.1,1661657039999,2239.42665,13,2532.3,846.54789,0
1661657040000,0.3343,0.3343,0.3340,0.3340,376353.3,1661657099999,125757.55363,205,128092.6,42806.80786,0
1661657100000,0.3339,0.3341,0.3339,0.3340,194303.3,1661657159999,64898.27967,142,147839.3,49380.49280,0
1661657160000,0.3340,0.3341,0.3339,0.3340,83238.8,1661657219999,27801.38475,121,43646.0,14577.85982,0
1661657220000,0.3341,0.3341,0.3335,0.3336,805269.1,1661657279999,268732.06988,421,206614.7,68930.26097,0
1661657280000,0.3335,0.3337,0.3334,0.3336,451719.4,1661657339999,150658.80689,216,334358.3,111519.65480,0
1661657340000,0.3337,0.3339,0.3336,0.3339,373575.2,1661657399999,124676.75724,147,321575.8,107326.60771,0
1661657400000,0.3338,0.3339,0.3337,0.3337,160906.3,1661657459999,53706.80128,125,90361.9,30162.95508,0
1661657460000,0.3337,0.3338,0.3335,0.3335,136273.2,1661657519999,45463.55501,141,55380.3,18475.55072,0
1661657520000,0.3336,0.3338,0.3335,0.3338,456651.8,1661657579999,152385.05018,193,368548.4,122997.54688,0
1661657580000,0.3337,0.3341,0.3337,0.3341,181377.6,1661657639999,60567.15527,141,149008.0,49760.35296,0
1661657640000,0.3340,0.3344,0.3340,0.3343,247545.1,1661657699999,82721.98725,194,120074.0,40121.55536,0
1661657700000,0.3343,0.3344,0.3342,0.3342,42484.6,1661657759999,14199.58745,57,4491.9,1501.64596,0
1661657760000,0.3342,0.3343,0.3342,0.3342,167757.5,1661657819999,56080.83562,99,40169.3,13428.59699,0
1661657820000,0.3342,0.3344,0.3342,0.3343,115407.1,1661657879999,38580.14467,104,57833.2,19335.31375,0
1661657880000,0.3343,0.3344,0.3340,0.3340,240799.7,1661657939999,80475.68514,139,73834.2,24683.35257,0
1661657940000,0.3341,0.3341,0.3340,0.3340,103708.8,1661657999999,34641.83581,105,70025.0,23391.44661,0
1661658000000,0.3340,0.3342,0.3340,0.3342,81534.3,1661658059999,27240.46955,89,70189.2,23450.22616,0
1661658060000,0.3342,0.3345,0.3342,0.3344,82670.8,1661658119999,27635.88837,131,63719.3,21298.81044,0
1661658120000,0.3344,0.3344,0.3343,0.3344,35161.3,1661658179999,11755.02718,41,6045.9,2021.74896,0
1661658180000,0.3344,0.3345,0.3343,0.3344,137017.0,1661658239999,45818.50760,150,115985.0,38785.44093,0
1661658240000,0.3345,0.3347,0.3344,0.3347,342088.5,1661658299999,114445.93566,183,211943.5,70910.15662,0
1661658300000,0.3346,0.3346,0.3343,0.3343,362858.1,1661658359999,121323.02461,128,17827.3,5962.01340,0
1661658360000,0.3343,0.3344,0.3343,0.3344,261193.9,1661658419999,87341.19936,103,240785.9,80518.80496,0
1661658420000,0.3344,0.3344,0.3341,0.3341,52432.3,1661658479999,17525.10557,64,24955.3,8342.05010,0
1661658480000,0.3342,0.3342,0.3340,0.3341,28736.3,1661658539999,9601.41215,53,6705.5,2240.92686,0
1661658540000,0.3340,0.3342,0.3340,0.3341,246364.6,1661658599999,82309.09494,150,123858.4,41381.17236,0
1661658600000,0.3340,0.3342,0.3340,0.3341,75237.1,1661658659999,25136.81717,82,50015.5,16710.66999,0
1661658660000,0.3341,0.3342,0.3341,0.3342,6594.0,1661658719999,2203.50514,26,4497.4,1503.03108,0
1661658720000,0.3342,0.3343,0.3341,0.3342,82407.7,1661658779999,27540.41810,97,75317.4,25171.33058,0
1661658780000,0.3342,0.3343,0.3341,0.3342,124558.4,1661658839999,41629.81481,92,68705.0,22963.68489,0
1661658840000,0.3342,0.3343,0.3342,0.3342,57810.1,1661658899999,19322.37874,81,22433.2,7499.41876,0
1661658900000,0.3342,0.3342,0.3341,0.3341,88503.3,1661658959999,29577.06562,40,81130.9,27113.94678,0
1661658960000,0.3342,0.3344,0.3341,0.3343,117718.2,1661659019999,39346.18476,117,102230.2,34168.69190,0
1661659020000,0.3343,0.3343,0.3340,0.3341,245347.6,1661659079999,81985.48789,138,121303.8,40534.11600,0
1661659080000,0.3341,0.3341,0.3340,0.3341,54482.7,1661659139999,18201.15494,97,39331.4,13140.62074,0
1661659140000,0.3341,0.3341,0.3339,0.3339,73084.2,1661659199999,24415.17128,138,50733.8,16950.16258,0
1661659200000,0.3340,0.3341,0.3338,0.3341,655001.1,1661659259999,218729.89799,280,299241.7,99951.70438,0
1661659260000,0.3341,0.3341,0.3337,0.3338,297843.8,1661659319999,99464.61843,181,118389.8,39537.90958,0
1661659320000,0.3337,0.3338,0.3335,0.3335,155441.2,1661659379999,51868.28750,151,51745.7,17272.29838,0
1661659380000,0.3335,0.3341,0.3335,0.3341,308066.2,1661659439999,102826.68999,292,297596.0,99331.70771,0
1661659440000,0.3340,0.3340,0.3338,0.3338,165653.7,1661659499999,55319.28785,138,36125.5,12065.02681,0
1661659500000,0.3339,0.3339,0.3338,0.3339,59532.9,1661659559999,19876.62904,87,45470.2,15182.49978,0
1661659560000,0.3339,0.3340,0.3338,0.3340,95215.6,1661659619999,31793.75996,133,69137.8,23087.75555,0
1661659620000,0.3340,0.3340,0.3337,0.3338,260135.7,1661659679999,86850.59531,171,73467.6,24536.68115,0
1661659680000,0.3337,0.3338,0.3334,0.3335,690934.5,1661659739999,230461.90318,332,179685.5,59937.63120,0
1661659740000,0.3335,0.3336,0.3329,0.3330,1465572.3,1661659799999,488336.53399,476,208978.0,69627.72414,0
1661659800000,0.3329,0.3333,0.3327,0.3333,939672.1,1661659859999,312927.91044,454,512219.3,170612.78447,0
1661659860000,0.3334,0.3334,0.3329,0.3329,291692.0,1661659919999,97174.78866,138,37284.5,12430.57454,0
1661659920000,0.3329,0.3332,0.3329,0.3331,349661.8,1661659979999,116422.76843,175,95518.0,31810.78593,0
1661659980000,0.3331,0.3334,0.3331,0.3334,138268.3,1661660039999,46078.58994,117,114812.3,38264.30571,0
1661660040000,0.3334,0.3334,0.3333,0.3334,44370.5,1661660099999,14792.89182,70,42041.7,14016.70278,0
1661660100000,0.3334,0.3335,0.3332,0.3332,257266.2,1661660159999,85765.08346,189,96188.0,32068.31413,0
1661660160000,0.3332,0.3336,0.3332,0.3335,144656.4,1661660219999,48230.30958,135,98375.2,32800.09655,0
1661660220000,0.3336,0.3338,0.3336,0.3338,224257.3,1661660279999,74832.92457,181,200441.8,66887.27415,0
1661660280000,0.3337,0.3338,0.3332,0.3332,308127.4,1661660339999,102791.37519,112,2719.6,906.90989,0
1661660340000,0.3332,0.3332,0.3329,0.3331,612168.5,1661660399999,203893.82857,292,433721.5,144460.16910,0
1661660400000,0.3332,0.3335,0.3331,0.3334,402732.9,1661660459999,134251.66465,196,201266.6,67092.47614,0
1661660460000,0.3335,0.3336,0.3335,0.3335,101529.6,1661660519999,33862.69719,89,95667.4,31907.65349,0
1661660520000,0.3336,0.3336,0.3333,0.3334,179158.1,1661660579999,59729.38744,179,27775.9,9261.51022,0
1661660580000,0.3333,0.3334,0.3330,0.3330,248742.7,1661660639999,82878.61950,116,33281.9,11093.15321,0
1661660640000,0.3330,0.3332,0.3330,0.3332,124820.4,1661660699999,41574.28924,105,55353.0,18438.46735,0
1661660700000,0.3332,0.3335,0.3332,0.3335,435058.5,1661660759999,145027.28278,275,288818.6,96289.01873,0
1661660760000,0.3335,0.3336,0.3333,0.3333,139208.7,1661660819999,46414.12402,87,16319.6,5441.68469,0
1661660820000,0.3333,0.3335,0.3333,0.3335,37064.0,1661660879999,12357.75306,91,28536.9,9514.81792,0
1661660880000,0.3335,0.3335,0.3334,0.3334,112561.1,1661660939999,37530.94123,65,32754.0,10923.25409,0
1661660940000,0.3334,0.3334,0.3333,0.3333,18436.9,1661660999999,6145.61778,51,5990.1,1997.09934,0
1661661000000,0.3334,0.3334,0.3332,0.3334,215651.4,1661661059999,71879.91468,183,85303.7,28435.35346,0
1661661060000,0.3334,0.3335,0.3333,0.3335,143402.0,1661661119999,47810.40838,91,106261.3,35428.28818,0
1661661120000,0.3334,0.3336,0.3333,0.3336,135048.8,1661661179999,45031.35143,115,76116.6,25380.73980,0
1661661180000,0.3335,0.3336,0.3334,0.3336,60332.2,1661661239999,20121.00801,80,31806.9,10607.92596,0
1661661240000,0.3336,0.3337,0.3335,0.3337,71660.8,1661661299999,23908.80461,113,53211.0,17753.99728,0
1661661300000,0.3336,0.3337,0.3336,0.3336,73279.1,1661661359999,24452.90677,73,69990.1,23355.69637,0
1661661360000,0.3337,0.3337,0.3332,0.3334,303610.2,1661661419999,101239.82297,160,66683.1,22234.86330,0
1661661420000,0.3333,0.3334,0.3328,0.3328,2203666.3,1661661479999,733851.58398,490,487856.4,162408.50306,0
1661661480000,0.3329,0.3332,0.3329,0.3332,272597.7,1661661539999,90779.00411,184,233611.7,77794.40943,0
1661661540000,0.3332,0.3332,0.3330,0.3330,611292.0,1661661599999,203589.54864,176,245873.4,81895.51414,0
1661661600000,0.3331,0.3333,0.3331,0.3331,134633.9,1661661659999,44857.59794,93,111836.1,37261.59909,0
1661661660000,0.3331,0.3334,0.3331,0.3334,420498.9,1661661719999,140096.71695,212,169477.0,56467.87449,0
1661661720000,0.3334,0.3335,0.3333,0.3333,101487.4,1661661779999,33835.74053,76,43391.9,14467.62611,0
1661661780000,0.3334,0.3335,0.3333,0.3334,97010.4,1661661839999,32343.34817,68,55318.4,18443.25071,0
1661661840000,0.3334,0.3335,0.3333,0.3334,16158.1,1661661899999,5386.98667,59,13334.2,4445.62438,0
1661661900000,0.3333,0.3335,0.3333,0.3334,327300.0,1661661959999,109120.46002,145,248338.4,82797.24840,0
1661661960000,0.3333,0.3334,0.3333,0.3333,11203.8,1661662019999,3734.52964,21,3031.0,1010.53540,0
1661662020000,0.3334,0.3337,0.3334,0.3337,193751.5,1661662079999,64609.47291,153,179406.3,59826.48006,0
1661662080000,0.3336,0.3337,0.3333,0.3334,363962.3,1661662139999,121387.17312,160,101136.6,33734.74809,0
1661662140000,0.3333,0.3334,0.3333,0.3334,198935.4,1661662199999,66315.69699,77,105281.7,35100.91878,0
1661662200000,0.3334,0.3336,0.3333,0.3335,176254.5,1661662259999,58766.97420,108,165234.5,55092.95676,0
1661662260000,0.3336,0.3336,0.3334,0.3335,81522.4,1661662319999,27190.42401,50,28647.2,9556.65196,0
1661662320000,0.3335,0.3335,0.3333,0.3334,135306.0,1661662379999,45116.07251,92,71912.8,23982.90745,0
1661662380000,0.3333,0.3334,0.3331,0.3333,224510.8,1661662439999,74818.53997,119,93839.0,31273.66553,0
1661662440000,0.3334,0.3334,0.3331,0.3332,304130.0,1661662499999,101334.51187,159,158634.3,52861.65150,0
1661662500000,0.3332,0.3334,0.3331,0.3333,241571.4,1661662559999,80508.98533,109,197308.9,65757.69113,0
1661662560000,0.3332,0.3333,0.3331,0.3332,106690.9,1661662619999,35549.31193,63,3704.3,1234.45646,0
1661662620000,0.3331,0.3333,0.3331,0.3333,78572.5,1661662679999,26180.45508,84,74248.8,24740.11155,0
1661662680000,0.3333,0.3334,0.3333,0.3334,9728.1,1661662739999,3242.80040,25,4246.7,1415.84978,0
1661662740000,0.3334,0.3334,0.3333,0.3334,25351.2,1661662799999,8449.91105,33,3560.9,1187.20406,0
1661662800000,0.3334,0.3334,0.3332,0.3333,230834.2,1661662859999,76935.31602,198,92294.8,30763.14649,0
1661662860000,0.3332,0.3333,0.3332,0.3333,42815.3,1661662919999,14267.13782,68,10798.6,3599.17338,0
1661662920000,0.3333,0.3333,0.3330,0.3331,310817.4,1661662979999,103558.50692,131,121131.7,40362.70285,0
1661662980000,0.3331,0.3332,0.3330,0.3332,128486.2,1661663039999,42796.02246,169,98550.2,32827.11163,0
1661663040000,0.3331,0.3332,0.3331,0.3332,29559.8,1661663099999,9849.11441,42,27450.3,9146.43996,0
1661663100000,0.3332,0.3332,0.3330,0.3331,149428.9,1661663159999,49779.08947,98,57643.3,19205.43112,0
1661663160000,0.3331,0.3332,0.3330,0.3331,283870.2,1661663219999,94544.17172,196,142439.0,47447.31801,0
1661663220000,0.3332,0.3336,0.3331,0.3335,277641.2,1661663279999,92558.02512,244,204289.2,68097.10805,0
1661663280000,0.3335,0.3336,0.3334,0.3336,170371.7,1661663339999,56831.08920,196,68666.2,22903.70424,0
1661663340000,0.3335,0.3336,0.3331,0.3332,218157.8,1661663399999,72717.37650,194,47069.3,15684.24775,0
1661663400000,0.3333,0.3333,0.3328,0.3330,780296.7,1661663459999,259824.53755,358,289314.9,96326.36386,0
1661663460000,0.3331,0.3331,0.3329,0.3330,120835.0,1661663519999,40243.96116,90,95864.6,31928.82912,0
1661663520000,0.3331,0.3331,0.3329,0.3329,91340.0,1661663579999,30415.60005,64,9195.5,3062.65378,0
1661663580000,0.3329,0.3329,0.3327,0.3328,143020.1,1661663639999,47589.70656,117,32216.0,10721.64095,0
1661663640000,0.3327,0.3329,0.3326,0.3327,274036.3,1661663699999,91185.81005,253,101859.2,33893.65244,0
1661663700000,0.3328,0.3328,0.3326,0.3327,204215.6,1661663759999,67948.91986,165,135642.6,45135.38020,0
1661663760000,0.3328,0.3331,0.3327,0.3330,268899.5,1661663819999,89524.28520,175,166829.1,55538.56488,0
1661663820000,0.3330,0.3330,0.3328,0.3329,42743.9,1661663879999,14230.04164,49,14377.7,4787.41877,0
1661663880000,0.3329,0.3330,0.3328,0.3329,266744.6,1661663939999,88795.02359,183,103953.3,34607.73762,0
1661663940000,0.3329,0.3329,0.3327,0.3329,422970.8,1661663999999,140774.87229,179,270543.2,90051.05794,0
1661664000000,0.3329,0.3330,0.3328,0.3329,135527.9,1661664059999,45110.12001,51,25720.5,8562.37849,0
1661664060000,0.3328,0.3329,0.3328,0.3329,14940.0,1661664119999,4972.59793,15,5659.3,1883.98097,0
1661664120000,0.3328,0.3332,0.3327,0.3327,1033713.5,1661664179999,344144.82785,331,558176.9,185840.72530,0
1661664180000,0.3326,0.3326,0.3313,0.3315,4330442.1,1661664239999,1437387.00420,1676,1166987.9,387308.01209,0
1661664240000,0.3315,0.3319,0.3313,0.3318,670543.6,1661664299999,222311.37213,389,271821.5,90136.65563,0
1661664300000,0.3318,0.3319,0.3316,0.3319,385319.3,1661664359999,127848.98401,211,216106.3,71710.10095,0
1661664360000,0.3318,0.3323,0.3318,0.3322,291157.6,1661664419999,96700.13892,272,204603.4,67951.79847,0
1661664420000,0.3322,0.3325,0.3321,0.3325,306010.1,1661664479999,101692.28501,168,219501.6,72946.04041,0
1661664480000,0.3325,0.3325,0.3323,0.3324,62424.5,1661664539999,20750.26340,71,18084.1,6012.56075,0
1661664540000,0.3323,0.3324,0.3320,0.3321,315819.5,1661664599999,104906.40147,173,85702.1,28465.42401,0
1661664600000,0.3320,0.3322,0.3318,0.3322,984346.7,1661664659999,326740.62011,333,256701.6,85248.53061,0
1661664660000,0.3321,0.3322,0.3320,0.3321,116393.4,1661664719999,38654.45487,78,9780.6,3248.90620,0
1661664720000,0.3320,0.3321,0.3320,0.3321,104233.7,1661664779999,34607.01211,92,14237.1,4728.14091,0
1661664780000,0.3320,0.3325,0.3320,0.3324,427532.6,1661664839999,142043.43435,253,366824.4,121867.30398,0
1661664840000,0.3325,0.3328,0.3324,0.3327,260734.6,1661664899999,86714.56806,169,227136.5,75543.32199,0
1661664900000,0.3327,0.3330,0.3327,0.3327,266123.9,1661664959999,88568.42089,172,86317.4,28733.62981,0
1661664960000,0.3328,0.3331,0.3322,0.3322,779276.5,1661665019999,259311.79345,367,300189.9,99937.70870,0
1661665020000,0.3322,0.3324,0.3320,0.3322,457643.0,1661665079999,152029.89508,275,283100.1,94052.93373,0
1661665080000,0.3321,0.3322,0.3320,0.3321,131743.6,1661665139999,43749.12113,97,47253.1,15693.11374,0
1661665140000,0.3320,0.3323,0.3320,0.3322,132016.3,1661665199999,43850.42227,132,113487.8,37697.91253,0
1661665200000,0.3323,0.3323,0.3322,0.3323,45427.7,1661665259999,15092.72314,54,16412.0,5453.70760,0
1661665260000,0.3322,0.3330,0.3322,0.3330,402276.6,1661665319999,133816.43449,226,360782.7,120008.77602,0
1661665320000,0.3329,0.3330,0.3325,0.3326,817737.1,1661665379999,272083.32983,259,64717.8,21536.41190,0
1661665380000,0.3325,0.3328,0.3325,0.3327,229965.0,1661665439999,76489.60563,159,139489.0,46398.10016,0
1661665440000,0.3327,0.3328,0.3327,0.3328,66308.8,1661665499999,22062.61246,61,50826.9,16911.78433,0
1661665500000,0.3327,0.3328,0.3326,0.3327,171968.6,1661665559999,57215.63707,115,20923.0,6962.98937,0
1661665560000,0.3327,0.3327,0.3323,0.3324,408720.7,1661665619999,135891.48058,190,150760.6,50113.71499,0
1661665620000,0.3325,0.3326,0.3323,0.3326,156267.0,1661665679999,51952.12908,111,121283.2,40324.78324,0
1661665680000,0.3326,0.3329,0.3326,0.3328,465699.2,1661665739999,154955.71609,286,286910.7,95456.88380,0
1661665740000,0.3329,0.3330,0.3328,0.3330,151188.1,1661665799999,50329.13855,82,83209.3,27702.21528,0
1661665800000,0.3329,0.3334,0.3329,0.3333,510509.5,1661665859999,170097.59640,327,377369.3,125742.88232,0
1661665860000,0.3333,0.3336,0.3330,0.3333,2473621.5,1661665919999,824505.12235,722,1420540.7,473518.69366,0
1661665920000,0.3333,0.3334,0.3330,0.3331,376848.5,1661665979999,125567.90296,174,87023.7,29003.73801,0
1661665980000,0.3331,0.3331,0.3329,0.3329,111641.9,1661666039999,37176.09485,56,36273.7,12082.76947,0
1661666040000,0.3328,0.3330,0.3327,0.3328,118245.7,1661666099999,39357.15106,107,71086.9,23660.34370,0
1661666100000,0.3329,0.3331,0.3328,0.3331,179027.2,1661666159999,59600.18723,130,86876.7,28931.57439,0
1661666160000,0.3332,0.3332,0.3330,0.3331,195628.6,1661666219999,65167.60325,106,78541.5,26168.61756,0
1661666220000,0.3331,0.3332,0.3329,0.3329,191320.5,1661666279999,63716.68622,73,12204.9,4066.35843,0
1661666280000,0.3329,0.3339,0.3329,0.3336,1263643.0,1661666339999,421323.12096,575,889116.4,296396.98935,0
1661666340000,0.3336,0.3340,0.3336,0.3340,667861.2,1661666399999,222914.22979,345,347524.6,116010.51162,0
1661666400000,0.3340,0.3342,0.3336,0.3336,582956.1,1661666459999,194650.44517,352,134504.0,44919.90105,0
1661666460000,0.3337,0.3339,0.3335,0.3338,551086.0,1661666519999,183903.19738,331,322714.0,107704.66590,0
1661666520000,0.3338,0.3339,0.3337,0.3338,323612.9,1661666579999,108015.49366,181,181675.0,60646.50707,0
1661666580000,0.3338,0.3338,0.3336,0.3337,218274.2,1661666639999,72834.80564,191,38474.8,12840.22162,0
1661666640000,0.3337,0.3340,0.3336,0.3339,326074.4,1661666699999,108843.64053,194,284160.6,94853.30824,0
1661666700000,0.3339,0.3340,0.3337,0.3337,310643.6,1661666759999,103708.24770,187,133954.0,44724.14036,0
1661666760000,0.3338,0.3341,0.3338,0.3341,192458.4,1661666819999,64264.08018,160,106248.8,35477.74167,0
1661666820000,0.3341,0.3341,0.3339,0.3339,125279.7,1661666879999,41844.86608,90,33454.1,11175.13692,0
1661666880000,0.3339,0.3342,0.3339,0.3341,249956.6,1661666939999,83505.44237,181,176796.2,59068.13850,0
1661666940000,0.3341,0.3341,0.3340,0.3341,143026.9,1661666999999,47777.26000,115,44799.7,14967.57977,0
1661667000000,0.3341,0.3342,0.3338,0.3339,355044.4,1661667059999,118604.47848,250,117421.7,39236.86234,0
1661667060000,0.3339,0.3342,0.3339,0.3342,161174.9,1661667119999,53839.30560,169,136464.2,45585.64814,0
1661667120000,0.3342,0.3343,0.3340,0.3341,283707.6,1661667179999,94794.81483,218,142146.0,47497.60972,0
1661667180000,0.3342,0.3346,0.3342,0.3344,1316617.3,1661667239999,440303.33858,471,822098.1,274940.09696,0
1661667240000,0.3344,0.3346,0.3343,0.3345,168021.7,1661667299999,56201.19743,138,145166.0,48558.17955,0
1661667300000,0.3346,0.3346,0.3344,0.3344,232370.4,1661667359999,77733.70732,162,78132.2,26142.31482,0
1661667360000,0.3345,0.3345,0.3343,0.3344,139950.9,1661667419999,46803.18596,126,42419.6,14189.32032,0
1661667420000,0.3343,0.3344,0.3342,0.3342,80747.4,1661667479999,26993.70771,74,6000.7,2006.63408,0
1661667480000,0.3342,0.3342,0.3339,0.3340,476695.1,1661667539999,159249.70611,243,100804.9,33673.39248,0
1661667540000,0.3340,0.3342,0.3340,0.3341,218177.8,1661667599999,72885.58839,119,165684.7,55347.64368,0
1661667600000,0.3342,0.3344,0.3342,0.3343,200100.5,1661667659999,66899.56598,121,141260.2,47229.99420,0
1661667660000,0.3343,0.3344,0.3342,0.3342,149752.7,1661667719999,50057.78784,99,24952.9,8341.27258,0
1661667720000,0.3342,0.3343,0.3340,0.3341,69306.5,1661667779999,23159.43703,80,9840.2,3288.43612,0
1661667780000,0.3340,0.3342,0.3340,0.3341,60710.4,1661667839999,20283.87392,58,56180.4,18770.78292,0
1661667840000,0.3342,0.3344,0.3342,0.3344,116960.2,1661667899999,39096.63550,103,69056.4,23082.48281,0
1661667900000,0.3343,0.3344,0.3339,0.3339,188487.7,1661667959999,62987.95974,138,15605.4,5216.86723,0
1661667960000,0.3340,0.3340,0.3338,0.3339,162249.3,1661668019999,54170.74118,142,78722.6,26286.17564,0
1661668020000,0.3339,0.3341,0.3339,0.3340,97537.4,1661668079999,32581.26322,77,60834.1,20322.36701,0
1661668080000,0.3341,0.3341,0.3339,0.3339,100663.5,1661668139999,33620.63382,86,51342.0,17150.59607,0
1661668140000,0.3340,0.3340,0.3334,0.3335,480510.4,1661668199999,160302.85864,255,100081.1,33379.55320,0
1661668200000,0.3336,0.3337,0.3335,0.3336,199373.6,1661668259999,66507.18980,155,118328.9,39475.14846,0
1661668260000,0.3336,0.3336,0.3334,0.3334,168132.8,1661668319999,56073.68434,139,19862.2,6625.95949,0
1661668320000,0.3335,0.3336,0.3334,0.3335,167428.8,1661668379999,55828.80820,137,64534.1,21522.24572,0
1661668380000,0.3335,0.3337,0.3334,0.3337,119807.4,1661668439999,39965.50143,110,84283.8,28115.90315,0
1661668440000,0.3337,0.3339,0.3336,0.3339,77248.8,1661668499999,25780.15067,107,53853.9,17973.83281,0
1661668500000,0.3339,0.3339,0.3337,0.3338,73383.7,1661668559999,24493.31893,88,12003.2,4007.16185,0
1661668560000,0.3338,0.3338,0.3335,0.3336,181549.5,1661668619999,60572.68929,99,52759.5,17602.29293,0
1661668620000,0.3336,0.3337,0.3334,0.3336,258315.3,1661668679999,86154.62450,192,140156.3,46750.69445,0
1661668680000,0.3337,0.3337,0.3336,0.3336,120871.3,1661668739999,40325.12437,97,73192.6,24419.51005,0
1661668740000,0.3336,0.3338,0.3336,0.3338,100885.5,1661668799999,33667.17499,98,83800.7,27967.26639,0
1661668800000,0.3337,0.3338,0.3337,0.3338,147508.1,1661668859999,49237.55387,96,141009.0,47068.80420,0
1661668860000,0.3338,0.3340,0.3338,0.3340,101000.1,1661668919999,33726.71247,74,98286.6,32820.94617,0
1661668920000,0.3339,0.3340,0.3339,0.3340,123839.8,1661668979999,41361.93343,72,118242.1,39492.86140,0
1661668980000,0.3339,0.3342,0.3339,0.3342,76152.3,1661669039999,25436.51982,85,72086.5,24078.85071,0
1661669040000,0.3341,0.3342,0.3340,0.3341,94721.5,1661669099999,31647.20121,100,25013.1,8358.25659,0
1661669100000,0.3340,0.3341,0.3338,0.3338,202592.9,1661669159999,67647.41958,163,34254.4,11438.01408,0
1661669160000,0.3338,0.3339,0.3337,0.3337,136168.0,1661669219999,45451.71900,123,99071.6,33070.19675,0
1661669220000,0.3337,0.3341,0.3337,0.3339,226564.2,1661669279999,75659.85924,134,140682.4,46978.95972,0
1661669280000,0.3339,0.3341,0.3339,0.3341,138756.7,1661669339999,46345.46690,128,75092.4,25081.78250,0
1661669340000,0.3340,0.3341,0.3340,0.3341,150798.5,1661669399999,50372.22877,130,55297.7,18474.96157,0
1661669400000,0.3340,0.3342,0.3340,0.3340,130005.1,1661669459999,43435.26835,98,44410.8,14838.85758,0
1661669460000,0.3340,0.3340,0.3335,0.3336,365282.0,1661669519999,121910.23520,174,47665.1,15904.66430,0
1661669520000,0.3335,0.3337,0.3334,0.3336,192062.8,1661669579999,64057.16970,141,118302.0,39458.43711,0
1661669580000,0.3336,0.3337,0.3336,0.3337,22735.4,1661669639999,7586.36075,23,18313.1,6111.08147,0
1661669640000,0.3337,0.3341,0.3336,0.3340,381252.5,1661669699999,127313.15638,149,276011.4,92164.49031,0
1661669700000,0.3339,0.3341,0.3338,0.3339,279262.1,1661669759999,93263.35871,158,151809.3,50698.35308,0
1661669760000,0.3340,0.3341,0.3339,0.3340,80420.8,1661669819999,26860.75637,52,36575.5,12216.47339,0
1661669820000,0.3340,0.3342,0.3340,0.3341,159067.4,1661669879999,53145.95583,98,28165.8,9412.29173,0
1661669880000,0.3341,0.3341,0.3339,0.3339,56966.5,1661669939999,19027.35413,45,7950.3,2655.95983,0
1661669940000,0.3339,0.3340,0.3337,0.3338,325010.3,1661669999999,108504.68829,164,180964.9,60416.80828,0
1661670000000,0.3338,0.3342,0.3338,0.3341,375746.4,1661670059999,125513.15095,209,329220.0,109976.17436,0
1661670060000,0.3342,0.3342,0.3338,0.3338,252633.8,1661670119999,84386.24329,146,24201.2,8086.12402,0
1661670120000,0.3338,0.3339,0.3338,0.3338,78158.0,1661670179999,26090.41527,73,12748.7,4256.79093,0
1661670180000,0.3338,0.3338,0.3336,0.3337,289676.2,1661670239999,96659.99087,192,44649.8,14897.12874,0
1661670240000,0.3337,0.3337,0.3335,0.3335,215221.0,1661670299999,71807.66974,193,147890.8,49346.42967,0
1661670300000,0.3336,0.3336,0.3333,0.3334,197214.1,1661670359999,65754.15468,120,20386.6,6798.25311,0
1661670360000,0.3334,0.3336,0.3332,0.3333,353224.5,1661670419999,117745.05353,260,122683.4,40903.81234,0
1661670420000,0.3333,0.3334,0.3332,0.3332,77654.5,1661670479999,25880.55199,72,12380.9,4127.26882,0
1661670480000,0.3332,0.3334,0.3331,0.3334,264857.2,1661670539999,88261.13493,227,110841.0,36940.05929,0
1661670540000,0.3333,0.3334,0.3333,0.3333,34483.3,1661670599999,11494.77186,85,14879.7,4960.89198,0
1661670600000,0.3334,0.3334,0.3332,0.3334,169769.2,1661670659999,56583.01919,147,40805.1,13600.99132,0
1661670660000,0.3334,0.3336,0.3333,0.3336,133923.4,1661670719999,44657.33222,136,92920.5,30986.53749,0
1661670720000,0.3336,0.3336,0.3334,0.3335,326325.4,1661670779999,108831.59100,228,88120.2,29390.93689,0
1661670780000,0.3335,0.3335,0.3332,0.3332,457751.0,1661670839999,152576.13710,236,89966.9,29988.73746,0
1661670840000,0.3333,0.3333,0.3332,0.3333,40277.9,1661670899999,13422.27344,83,16771.6,5589.97428,0
1661670900000,0.3333,0.3333,0.3331,0.3333,310851.3,1661670959999,103581.76952,202,98342.0,32773.95713,0
1661670960000,0.3333,0.3335,0.3333,0.3333,210117.2,1661671019999,70050.88585,131,136198.4,45407.15139,0
1661671020000,0.3333,0.3336,0.3333,0.3336,146786.9,1661671079999,48945.33808,109,121035.2,40360.99230,0
1661671080000,0.3336,0.3338,0.3334,0.3337,471016.2,1661671139999,157118.65108,283,400110.6,133476.74386,0
1661671140000,0.3338,0.3345,0.3338,0.3344,902997.4,1661671199999,301755.71662,490,409773.7,136914.29511,0
1661671200000,0.3344,0.3344,0.3342,0.3342,128992.6,1661671259999,43122.13637,130,38480.7,12865.06100,0
1661671260000,0.3342,0.3342,0.3340,0.3342,117442.3,1661671319999,39238.80223,119,61811.8,20651.70589,0
1661671320000,0.3341,0.3342,0.3340,0.3341,100948.7,1661671379999,33725.97975,93,69274.4,23144.88507,0
1661671380000,0.3341,0.3341,0.3339,0.3340,156005.0,1661671439999,52103.07226,62,8650.2,2889.41078,0
1661671440000,0.3339,0.3342,0.3338,0.3342,250850.8,1661671499999,83777.38596,130,213497.3,71305.13328,0
1661671500000,0.3341,0.3345,0.3341,0.3345,173755.3,1661671559999,58087.69284,132,139310.8,46573.39260,0
1661671560000,0.3344,0.3345,0.3343,0.3345,146839.4,1661671619999,49107.88142,120,55957.9,18717.22688,0
1661671620000,0.3345,0.3345,0.3342,0.3343,194399.0,1661671679999,64991.59175,111,32860.3,10988.56849,0
1661671680000,0.3343,0.3343,0.3340,0.3341,64127.2,1661671739999,21429.18896,61,22085.6,7382.89618,0
1661671740000,0.3340,0.3341,0.3340,0.3340,33055.3,1661671799999,11042.04331,47,15731.1,5255.76051,0
1661671800000,0.3340,0.3341,0.3340,0.3341,210135.5,1661671859999,70190.46488,158,52078.8,17399.52708,0
1661671860000,0.3341,0.3341,0.3340,0.3340,133259.9,1661671919999,44513.21170,81,44051.0,14717.43910,0
1661671920000,0.3340,0.3341,0.3340,0.3341,60114.8,1661671979999,20080.22254,55,18793.4,6278.87494,0
1661671980000,0.3341,0.3341,0.3337,0.3337,212356.1,1661672039999,70914.33724,123,39749.2,13280.20484,0
1661672040000,0.3338,0.3341,0.3337,0.3340,317648.9,1661672099999,106050.62081,153,269842.3,90085.48070,0
1661672100000,0.3341,0.3341,0.3340,0.3341,80612.5,1661672159999,26931.79140,72,72164.0,24109.99240,0
1661672160000,0.3341,0.3343,0.3340,0.3341,454881.7,1661672219999,151996.05203,201,184975.3,61813.95074,0
1661672220000,0.3340,0.3344,0.3340,0.3344,90352.1,1661672279999,30199.41738,98,50580.8,16904.50428,0
1661672280000,0.3343,0.3344,0.3342,0.3344,169374.0,1661672339999,56621.74478,109,114114.3,38151.76161,0
1661672340000,0.3345,0.3346,0.3342,0.3344,532557.1,1661672399999,178101.52513,299,272285.4,91070.05226,0
1661672400000,0.3344,0.3344,0.3342,0.3343,93018.2,1661672459999,31098.76503,118,46554.8,15566.30081,0
1661672460000,0.3343,0.3344,0.3339,0.3343,412340.4,1661672519999,137767.55486,265,239104.7,79883.12160,0
1661672520000,0.3344,0.3344,0.3343,0.3344,37683.3,1661672579999,12601.04401,62,35168.2,11760.24608,0
1661672580000,0.3344,0.3345,0.3343,0.3345,86176.2,1661672639999,28816.88700,59,66865.7,22360.71394,0
1661672640000,0.3344,0.3347,0.3344,0.3346,241124.2,1661672699999,80675.61910,171,194390.7,65040.30312,0
1661672700000,0.3347,0.3347,0.3346,0.3346,59476.3,1661672759999,19905.05189,59,42819.1,14331.55277,0
1661672760000,0.3347,0.3349,0.3345,0.3346,723365.6,1661672819999,242123.99566,395,353525.9,118330.03688,0
1661672820000,0.3346,0.3346,0.3342,0.3343,565863.8,1661672879999,189191.77409,276,237193.7,79290.23380,0
1661672880000,0.3342,0.3345,0.3342,0.3344,87506.6,1661672939999,29261.56039,91,73430.6,24554.58260,0
1661672940000,0.3344,0.3346,0.3343,0.3345,149379.6,1661672999999,49965.11101,105,127732.5,42725.72514,0
1661673000000,0.3345,0.3346,0.3344,0.3345,88325.0,1661673059999,29545.89884,88,13620.2,4557.22623,0
1661673060000,0.3344,0.3345,0.3343,0.3343,259673.7,1661673119999,86834.10301,127,141739.5,47401.51380,0
1661673120000,0.3344,0.3344,0.3343,0.3344,31771.7,1661673179999,10622.09923,37,8199.2,2741.81248,0
1661673180000,0.3344,0.3345,0.3344,0.3345,46058.1,1661673239999,15403.99865,64,42346.3,14162.77273,0
1661673240000,0.3344,0.3345,0.3343,0.3344,179488.2,1661673299999,60028.07528,119,126051.6,42159.19708,0
1661673300000,0.3344,0.3344,0.3339,0.3340,621365.4,1661673359999,207616.50068,278,266600.7,89071.26838,0
1661673360000,0.3340,0.3341,0.3339,0.3340,133474.8,1661673419999,44582.05065,152,105658.7,35291.58354,0
1661673420000,0.3339,0.3340,0.3338,0.3339,308986.1,1661673479999,103161.05795,162,30532.8,10195.65193,0
1661673480000,0.3340,0.3341,0.3339,0.3341,214162.7,1661673539999,71540.95042,143,173290.8,57887.18998,0
1661673540000,0.3341,0.3342,0.3340,0.3342,79181.4,1661673599999,26452.65464,71,48145.1,16086.21361,0
1661673600000,0.3342,0.3345,0.3341,0.3345,644017.3,1661673659999,215246.03790,375,428432.4,143216.83114,0
1661673660000,0.3344,0.3349,0.3344,0.3347,883641.0,1661673719999,295793.59315,445,441400.7,147758.57548,0
1661673720000,0.3346,0.3348,0.3344,0.3345,233378.9,1661673779999,78082.16666,193,40422.5,13526.13116,0
1661673780000,0.3345,0.3348,0.3344,0.3347,403424.1,1661673839999,135008.14291,272,301093.2,100764.17188,0
1661673840000,0.3348,0.3348,0.3347,0.3348,123364.8,1661673899999,41294.77465,134,45760.9,15320.74932,0
1661673900000,0.3347,0.3350,0.3347,0.3349,782921.5,1661673959999,262215.98433,318,664926.3,222705.29537,0
1661673960000,0.3349,0.3351,0.3348,0.3348,318133.5,1661674019999,106556.36913,247,107526.1,36022.66264,0
1661674020000,0.3349,0.3349,0.3348,0.3349,111544.6,1661674079999,37350.99769,142,58656.1,19643.92789,0
1661674080000,0.3350,0.3352,0.3349,0.3350,560173.4,1661674139999,187671.46134,307,246036.5,82438.75222,0
1661674140000,0.3350,0.3351,0.3349,0.3351,262551.9,1661674199999,87932.51366,127,37457.7,12548.33263,0
1661674200000,0.3351,0.3351,0.3346,0.3346,409414.3,1661674259999,137086.84740,316,143497.0,48059.35417,0
1661674260000,0.3346,0.3347,0.3345,0.3345,130758.6,1661674319999,43746.95782,128,21698.1,7260.35129,0
1661674320000,0.3346,0.3346,0.3345,0.3346,75253.8,1661674379999,25175.61883,103,32227.3,10783.25458,0
1661674380000,0.3345,0.3348,0.3344,0.3348,325268.0,1661674439999,108842.19312,224,234699.5,78544.34684,0
1661674440000,0.3349,0.3349,0.3347,0.3348,120583.0,1661674499999,40372.37239,86,23900.1,8003.87839,0
1661674500000,0.3347,0.3349,0.3346,0.3348,276347.7,1661674559999,92489.23436,181,80722.0,27023.55544,0
1661674560000,0.3349,0.3349,0.3348,0.3349,70901.1,1661674619999,23740.67314,67,29848.6,9996.29614,0
1661674620000,0.3348,0.3349,0.3346,0.3346,187169.1,1661674679999,62661.56784,152,136392.6,45665.34020,0
1661674680000,0.3347,0.3347,0.3345,0.3347,98398.4,1661674739999,32925.30992,134,42007.7,14057.37225,0
1661674740000,0.3346,0.3347,0.3345,0.3346,182316.0,1661674799999,61008.75068,103,94578.8,31652.63199,0
1661674800000,0.3347,0.3348,0.3346,0.3348,153656.7,1661674859999,51428.68053,107,114329.1,38266.92628,0
1661674860000,0.3347,0.3348,0.3346,0.3346,366632.2,1661674919999,122708.43206,162,165252.7,55311.69341,0
1661674920000,0.3347,0.3347,0.3346,0.3346,193291.1,1661674979999,64675.79820,104,36009.7,12049.44176,0
1661674980000,0.3345,0.3347,0.3345,0.3346,49854.7,1661675039999,16681.96437,44,30022.1,10046.32384,0
1661675040000,0.3346,0.3348,0.3345,0.3345,315466.3,1661675099999,105581.27435,187,173775.8,58167.43967,0
1661675100000,0.3345,0.3348,0.3345,0.3347,60313.1,1661675159999,20183.21818,72,53555.0,17922.20778,0
1661675160000,0.3347,0.3348,0.3346,0.3347,79097.9,1661675219999,26472.61200,78,15502.6,5188.76613,0
1661675220000,0.3347,0.3348,0.3346,0.3347,67932.3,1661675279999,22735.41716,71,19733.6,6605.75970,0
1661675280000,0.3346,0.3347,0.3345,0.3345,128014.8,1661675339999,42834.77433,84,16687.4,5584.63464,0
1661675340000,0.3345,0.3346,0.3345,0.3346,197458.1,1661675399999,66053.49165,90,37572.0,12571.59120,0
1661675400000,0.3346,0.3347,0.3345,0.3346,134596.3,1661675459999,45036.15210,170,56564.3,18928.52669,0
1661675460000,0.3345,0.3348,0.3345,0.3348,94912.2,1661675519999,31764.19335,111,53895.2,18036.62352,0
1661675520000,0.3348,0.3348,0.3347,0.3348,63099.5,1661675579999,21122.61604,46,32133.9,10758.42972,0
1661675580000,0.3347,0.3349,0.3347,0.3348,280531.0,1661675639999,93923.32546,140,230420.3,77147.10598,0
1661675640000,0.3348,0.3349,0.3347,0.3347,198685.9,1661675699999,66515.87156,115,103651.2,34702.90029,0
1661675700000,0.3346,0.3347,0.3344,0.3344,194250.8,1661675759999,64986.99796,113,17569.4,5879.72099,0
1661675760000,0.3345,0.3346,0.3344,0.3344,161148.5,1661675819999,53903.90382,110,66409.7,22214.49275,0
1661675820000,0.3344,0.3345,0.3343,0.3344,246671.9,1661675879999,82479.78651,179,104196.0,34843.52936,0
1661675880000,0.3343,0.3344,0.3341,0.3341,182172.8,1661675939999,60891.39764,151,94765.4,31679.52690,0
1661675940000,0.3341,0.3343,0.3340,0.3341,394175.0,1661675999999,131698.68159,197,131507.9,43947.11422,0
1661676000000,0.3342,0.3342,0.3339,0.3339,260034.6,1661676059999,86880.32184,174,98270.7,32839.62754,0
1661676060000,0.3339,0.3342,0.3338,0.3340,782965.5,1661676119999,261453.44077,305,208626.3,69669.52761,0
1661676120000,0.3339,0.3339,0.3335,0.3336,255688.5,1661676179999,85341.83806,207,104266.6,34803.12769,0
1661676180000,0.3336,0.3337,0.3334,0.3335,1027755.8,1661676239999,342787.05835,318,420843.9,140382.32805,0
1661676240000,0.3334,0.3336,0.3334,0.3334,146694.2,1661676299999,48916.54449,106,63587.4,21207.18886,0
1661676300000,0.3334,0.3335,0.3333,0.3335,144850.2,1661676359999,48299.35881,130,123625.1,41224.13758,0
1661676360000,0.3334,0.3336,0.3334,0.3335,300664.7,1661676419999,100274.57191,156,237399.8,79176.72520,0
1661676420000,0.3336,0.3336,0.3335,0.3336,117494.5,1661676479999,39193.34872,115,89329.7,29800.38792,0
1661676480000,0.3336,0.3336,0.3333,0.3334,158036.1,1661676539999,52692.77421,147,81626.9,27217.27306,0
1661676540000,0.3334,0.3334,0.3332,0.3332,188279.2,1661676599999,62748.74314,134,20634.9,6878.70869,0
1661676600000,0.3332,0.3336,0.3332,0.3336,404314.9,1661676659999,134781.86615,241,292306.1,97457.79063,0
1661676660000,0.3336,0.3336,0.3332,0.3332,235497.4,1661676719999,78497.85556,117,20345.7,6783.08395,0
1661676720000,0.3332,0.3334,0.3332,0.3334,205771.0,1661676779999,68590.57661,144,158280.6,52763.37162,0
1661676780000,0.3334,0.3336,0.3333,0.3336,235815.9,1661676839999,78635.27683,143,197677.7,65923.72219,0
1661676840000,0.3336,0.3336,0.3330,0.3331,1691147.3,1661676899999,563521.93993,420,205685.2,68518.69854,0
1661676900000,0.3331,0.3334,0.3331,0.3334,184362.2,1661676959999,61445.00672,142,127190.7,42390.32412,0
1661676960000,0.3334,0.3335,0.3333,0.3333,222544.2,1661677019999,74188.94866,157,84097.0,28038.08070,0
1661677020000,0.3334,0.3334,0.3331,0.3332,583222.1,1661677079999,194313.03500,249,385141.8,128317.92350,0
1661677080000,0.3332,0.3334,0.3332,0.3333,334003.3,1661677139999,111316.81210,186,168082.9,56015.67879,0
1661677140000,0.3332,0.3335,0.3332,0.3335,43227.9,1661677199999,14412.09066,76,40273.9,13427.68757,0
1661677200000,0.3335,0.3335,0.3334,0.3334,111924.4,1661677259999,37323.43923,124,78442.7,26160.64045,0
1661677260000,0.3335,0.3335,0.3333,0.3333,148221.3,1661677319999,49416.75628,148,43726.8,14580.67582,0
1661677320000,0.3333,0.3336,0.3333,0.3336,109383.7,1661677379999,36470.94167,145,73390.0,24472.65802,0
1661677380000,0.3335,0.3337,0.3334,0.3335,196157.9,1661677439999,65437.98720,224,102354.2,34147.89296,0
1661677440000,0.3335,0.3335,0.3334,0.3335,43930.9,1661677499999,14648.51258,55,19505.2,6504.98420,0
1661677500000,0.3334,0.3335,0.3332,0.3334,490529.9,1661677559999,163534.87254,241,238614.6,79557.67775,0
1661677560000,0.3333,0.3334,0.3332,0.3334,315674.5,1661677619999,105212.25814,168,117486.4,39166.18042,0
1661677620000,0.3333,0.3334,0.3331,0.3332,154014.5,1661677679999,51323.28478,117,40898.0,13631.01974,0
1661677680000,0.3331,0.3334,0.3331,0.3334,137939.3,1661677739999,45976.68464,160,108271.1,36090.07431,0
1661677740000,0.3334,0.3335,0.3334,0.3335,34907.1,1661677799999,11639.34584,54,34151.2,11387.32878,0
1661677800000,0.3335,0.3336,0.3334,0.3335,197330.7,1661677859999,65815.18489,178,184203.1,61437.40676,0
1661677860000,0.3336,0.3336,0.3334,0.3335,58768.0,1661677919999,19599.38929,50,6092.1,2032.20002,0
1661677920000,0.3334,0.3335,0.3334,0.3335,174417.1,1661677979999,58154.65816,125,39970.2,13330.06170,0
1661677980000,0.3335,0.3336,0.3334,0.3335,46158.6,1661678039999,15395.71141,137,44954.2,14994.13842,0
1661678040000,0.3336,0.3337,0.3335,0.3337,52846.5,1661678099999,17631.32203,135,51946.6,17331.14830,0
1661678100000,0.3337,0.3337,0.3335,0.3337,180328.8,1661678159999,60152.53530,189,87250.7,29107.08630,0
1661678160000,0.3336,0.3337,0.3335,0.3336,206085.9,1661678219999,68759.60148,148,94897.5,31667.15644,0
1661678220000,0.3336,0.3336,0.3335,0.3336,88158.0,1661678279999,29407.08574,77,63927.4,21326.18064,0
1661678280000,0.3336,0.3337,0.3335,0.3337,69363.2,1661678339999,23140.91562,118,66277.7,22111.63427,0
1661678340000,0.3337,0.3337,0.3335,0.3335,212602.7,1661678399999,70924.31706,128,102798.7,34294.30167,0
1661678400000,0.3335,0.3335,0.3332,0.3333,367758.9,1661678459999,122597.41878,188,59728.3,19910.19519,0
1661678460000,0.3333,0.3335,0.3332,0.3334,239831.4,1661678519999,79957.38497,165,184974.6,61668.29732,0
1661678520000,0.3333,0.3335,0.3333,0.3335,46868.0,1661678579999,15627.65544,70,45654.2,15223.03543,0
1661678580000,0.3335,0.3336,0.3334,0.3336,176923.1,1661678639999,59010.47990,131,143599.9,47897.20413,0
1661678640000,0.3336,0.3336,0.3334,0.3334,100549.1,1661678699999,33535.03815,96,53654.3,17896.91401,0
1661678700000,0.3334,0.3335,0.3333,0.3334,374030.7,1661678759999,124701.54786,162,285666.6,95246.20746,0
1661678760000,0.3333,0.3335,0.3333,0.3335,55384.9,1661678819999,18464.73914,51,36517.1,12175.07107,0
1661678820000,0.3334,0.3335,0.3333,0.3335,110803.0,1661678879999,36940.56878,91,69577.5,23197.41824,0
1661678880000,0.3335,0.3335,0.3334,0.3334,31318.8,1661678939999,10443.64924,44,19613.2,6541.00220,0
1661678940000,0.3334,0.3336,0.3334,0.3335,104946.6,1661678999999,34997.25519,120,66781.0,22272.49414,0
1661679000000,0.3335,0.3336,0.3334,0.3334,130592.7,1661679059999,43553.10073,122,33422.2,11146.91816,0
1661679060000,0.3335,0.3336,0.3334,0.3336,138076.9,1661679119999,46048.03956,124,106084.8,35381.84238,0
1661679120000,0.3336,0.3336,0.3332,0.3334,438003.1,1661679179999,146021.05650,213,116850.0,38950.59585,0
1661679180000,0.3333,0.3335,0.3333,0.3335,113347.5,1661679239999,37790.83344,135,95926.3,31983.98977,0
1661679240000,0.3334,0.3336,0.3334,0.3336,194761.3,1661679299999,64965.29534,155,177932.1,59352.93714,0
1661679300000,0.3335,0.3336,0.3335,0.3336,26009.3,1661679359999,8675.83608,67,17345.3,5786.39208,0
1661679360000,0.3335,0.3336,0.3334,0.3336,273248.2,1661679419999,91120.78587,153,58042.4,19358.48879,0
1661679420000,0.3336,0.3338,0.3336,0.3337,235812.3,1661679479999,78689.73899,153,176404.9,58865.58702,0
1661679480000,0.3337,0.3337,0.3335,0.3335,151359.6,1661679539999,50494.69101,71,13682.5,4565.85025,0
1661679540000,0.3336,0.3336,0.3334,0.3336,184219.6,1661679599999,61438.30112,99,112237.1,37433.79944,0
1661679600000,0.3336,0.3336,0.3335,0.3335,48202.6,1661679659999,16078.92684,67,33597.4,11208.09264,0
1661679660000,0.3336,0.3339,0.3335,0.3339,582835.0,1661679719999,194555.64106,296,461936.5,154198.06355,0
1661679720000,0.3339,0.3339,0.3337,0.3338,253397.6,1661679779999,84585.44843,146,78473.3,26202.05271,0
1661679780000,0.3337,0.3338,0.3337,0.3337,114015.2,1661679839999,38049.53776,55,26655.2,8897.50576,0
1661679840000,0.3337,0.3340,0.3337,0.3339,292169.0,1661679899999,97545.61166,166,233064.7,77813.77078,0
1661679900000,0.3339,0.3340,0.3338,0.3339,359896.7,1661679959999,120182.71429,196,342200.8,114274.30345,0
1661679960000,0.3339,0.3340,0.3339,0.3339,34199.2,1661680019999,11420.20467,56,10917.9,3646.57860,0
1661680020000,0.3340,0.3340,0.3336,0.3337,228251.9,1661680079999,76161.51891,171,16064.7,5363.13283,0
1661680080000,0.3337,0.3337,0.3332,0.3333,399051.3,1661680139999,133012.18649,200,89300.0,29763.05807,0
1661680140000,0.3332,0.3336,0.3332,0.3335,270550.8,1661680199999,90200.24127,197,217390.5,72485.87113,0
1661680200000,0.3336,0.3336,0.3335,0.3336,113163.4,1661680259999,37747.99903,110,80051.3,26705.11368,0
1661680260000,0.3336,0.3336,0.3334,0.3335,159065.4,1661680319999,53050.25688,96,38025.1,12683.37315,0
1661680320000,0.3335,0.3336,0.3333,0.3334,135299.6,1661680379999,45115.98721,127,46975.8,15666.25003,0
1661680380000,0.3333,0.3337,0.3332,0.3337,1290094.8,1661680439999,430247.80278,429,906660.7,302366.51321,0
1661680440000,0.3336,0.3337,0.3335,0.3337,170144.6,1661680499999,56756.92985,94,37820.5,12617.84510,0
1661680500000,0.3337,0.3339,0.3336,0.3339,151863.1,1661680559999,50686.62970,131,140738.8,46974.65370,0
1661680560000,0.3339,0.3339,0.3337,0.3338,163255.6,1661680619999,54495.69172,128,43625.8,14563.56316,0
1661680620000,0.3338,0.3338,0.3336,0.3338,109887.6,1661680679999,36669.86151,73,42595.5,14215.18957,0
1661680680000,0.3338,0.3339,0.3337,0.3338,69812.2,1661680739999,23303.50662,76,23052.3,7695.07908,0
1661680740000,0.3338,0.3338,0.3333,0.3334,237962.4,1661680799999,79361.15514,140,15311.3,5105.62777,0
1661680800000,0.3334,0.3334,0.3333,0.3333,95223.7,1661680859999,31741.52214,144,34629.3,11545.40862,0
1661680860000,0.3333,0.3334,0.3331,0.3331,171412.2,1661680919999,57111.00171,202,55260.4,18413.69469,0
1661680920000,0.3332,0.3335,0.3331,0.3334,223333.6,1661680979999,74440.48503,193,191362.6,63786.91227,0
1661680980000,0.3335,0.3337,0.3333,0.3337,347972.2,1661681039999,116030.35080,203,244050.9,81387.38102,0
1661681040000,0.3336,0.3338,0.3336,0.3336,405610.1,1661681099999,135350.64763,239,228117.8,76123.10950,0
1661681100000,0.3337,0.3337,0.3335,0.3336,90723.0,1661681159999,30264.93935,63,16821.7,5611.87741,0
1661681160000,0.3336,0.3339,0.3335,0.3338,244173.8,1661681219999,81487.66940,204,206571.6,68937.08209,0
1661681220000,0.3338,0.3338,0.3332,0.3333,233644.6,1661681279999,77911.99457,203,27202.1,9069.86288,0
1661681280000,0.3333,0.3333,0.3327,0.3331,1035798.6,1661681339999,344851.63930,653,269667.4,89798.88325,0
1661681340000,0.3331,0.3333,0.3330,0.3333,223944.4,1661681399999,74605.27970,218,172808.1,57574.78747,0
1661681400000,0.3334,0.3334,0.3333,0.3333,102701.3,1661681459999,34231.78751,90,14442.2,4815.02948,0
1661681460000,0.3334,0.3334,0.3332,0.3334,97802.3,1661681519999,32595.51620,128,55653.2,18549.23556,0
1661681520000,0.3334,0.3334,0.3332,0.3333,135373.3,1661681579999,45119.61454,121,15708.7,5236.05318,0
1661681580000,0.3333,0.3335,0.3332,0.3333,302126.2,1661681639999,100706.21069,232,193512.6,64503.18619,0
1661681640000,0.3333,0.3336,0.3332,0.3336,183851.7,1661681699999,61307.66013,165,181368.0,60479.67576,0
1661681700000,0.3336,0.3336,0.3333,0.3334,287890.5,1661681759999,95991.65274,194,52547.3,17520.86403,0
1661681760000,0.3334,0.3335,0.3333,0.3333,120632.1,1661681819999,40221.92307,119,66746.3,22257.10580,0
1661681820000,0.3334,0.3336,0.3333,0.3335,206647.3,1661681879999,68909.44071,168,117946.1,39333.11600,0
1661681880000,0.3335,0.3335,0.3333,0.3333,198350.4,1661681939999,66125.27880,144,29173.5,9726.94479,0
1661681940000,0.3333,0.3334,0.3333,0.3334,128181.6,1661681999999,42724.53821,93,54439.5,18146.29628,0
1661682000000,0.3334,0.3334,0.3331,0.3332,243560.9,1661682059999,81155.67860,145,30114.5,10036.86124,0
1661682060000,0.3332,0.3332,0.3330,0.3331,265222.3,1661682119999,88345.27066,171,147423.6,49112.28950,0
1661682120000,0.3332,0.3332,0.3328,0.3328,511308.7,1661682179999,170221.36316,218,36024.9,11994.26675,0
1661682180000,0.3329,0.3333,0.3328,0.3332,725062.8,1661682239999,241431.48673,289,538611.2,179357.04301,0
1661682240000,0.3333,0.3333,0.3331,0.3332,82679.0,1661682299999,27550.19320,98,36864.5,12285.55185,0
1661682300000,0.3332,0.3332,0.3331,0.3332,130929.5,1661682359999,43620.39881,125,77823.6,25930.82352,0
1661682360000,0.3332,0.3333,0.3332,0.3333,24368.8,1661682419999,8120.23531,37,5511.5,1836.98295,0
1661682420000,0.3333,0.3333,0.3331,0.3332,204079.3,1661682479999,67999.57578,123,134167.5,44705.38141,0
1661682480000,0.3332,0.3333,0.3331,0.3332,127775.6,1661682539999,42574.17507,161,64925.2,21633.11454,0
1661682540000,0.3332,0.3333,0.3330,0.3330,263620.1,1661682599999,87837.02732,122,125365.4,41775.49539,0
1661682600000,0.3330,0.3331,0.3329,0.3331,205470.3,1661682659999,68422.57556,124,30819.0,10263.72387,0
1661682660000,0.3330,0.3335,0.3330,0.3334,413147.8,1661682719999,137685.58719,265,393549.2,131153.13994,0
1661682720000,0.3335,0.3335,0.3333,0.3334,340117.8,1661682779999,113374.93943,152,58978.8,19664.31081,0
1661682780000,0.3335,0.3335,0.3332,0.3333,371564.7,1661682839999,123871.67848,202,146244.4,48763.49367,0
1661682840000,0.3334,0.3334,0.3331,0.3331,141824.9,1661682899999,47264.29265,116,19012.0,6338.44050,0
1661682900000,0.3332,0.3332,0.3329,0.3329,221746.1,1661682959999,73852.75366,125,17790.5,5924.51786,0
1661682960000,0.3330,0.3330,0.3327,0.3330,487895.1,1661683019999,162394.77348,177,91278.7,30388.12391,0
1661683020000,0.3329,0.3335,0.3329,0.3335,446372.9,1661683079999,148731.83011,230,272253.0,90706.26059,0
1661683080000,0.3334,0.3336,0.3333,0.3335,265975.1,1661683139999,88693.01937,142,107309.8,35784.31787,0
1661683140000,0.3336,0.3338,0.3335,0.3337,299848.5,1661683199999,100048.47372,192,206930.0,69044.45694,0
1661683200000,0.3337,0.3340,0.3336,0.3340,244574.4,1661683259999,81636.20781,172,229733.8,76683.95120,0
1661683260000,0.3339,0.3342,0.3338,0.3341,979054.7,1661683319999,327034.72582,470,595494.8,198922.42528,0
1661683320000,0.3341,0.3341,0.3337,0.3338,346963.2,1661683379999,115855.59073,172,21877.8,7304.35574,0
1661683380000,0.3338,0.3348,0.3338,0.3346,2024500.2,1661683439999,677168.48225,739,1529598.2,511629.02452,0
1661683440000,0.3346,0.3347,0.3343,0.3345,601634.0,1661683499999,201247.81605,295,248198.4,83038.64584,0
1661683500000,0.3345,0.3350,0.3344,0.3349,660576.7,1661683559999,221174.27632,404,398964.5,133574.08838,0
1661683560000,0.3348,0.3349,0.3345,0.3345,330560.7,1661683619999,110619.11176,210,163735.1,54797.20119,0
1661683620000,0.3346,0.3346,0.3341,0.3342,692702.8,1661683679999,231571.28869,255,316250.4,105707.85962,0
1661683680000,0.3343,0.3345,0.3341,0.3344,380579.0,1661683739999,127231.60821,245,222999.2,74553.67003,0
1661683740000,0.3344,0.3344,0.3340,0.3341,735391.5,1661683799999,245705.50144,360,341437.4,114085.79632,0
1661683800000,0.3340,0.3341,0.3340,0.3341,93689.1,1661683859999,31297.09333,74,49339.3,16484.26013,0
1661683860000,0.3341,0.3345,0.3337,0.3345,522617.2,1661683919999,174549.75275,317,254884.1,85163.48266,0
1661683920000,0.3344,0.3347,0.3344,0.3346,360282.0,1661683979999,120534.09037,194,217459.5,72756.10652,0
1661683980000,0.3346,0.3346,0.3343,0.3343,166852.5,1661684039999,55801.61112,110,63264.8,21158.79342,0
1661684040000,0.3343,0.3344,0.3341,0.3341,224061.9,1661684099999,74887.69653,98,17619.0,5889.02290,0
1661684100000,0.3342,0.3342,0.3339,0.3339,336931.8,1661684159999,112526.89759,178,80009.6,26728.07152,0
1661684160000,0.3340,0.3341,0.3339,0.3341,140368.2,1661684219999,46887.47713,114,113025.4,37755.22090,0
1661684220000,0.3341,0.3341,0.3337,0.3337,215671.5,1661684279999,72010.07870,140,49200.3,16429.72585,0
1661684280000,0.3338,0.3338,0.3336,0.3337,100510.2,1661684339999,33545.00217,118,59451.5,19844.21143,0
1661684340000,0.3336,0.3339,0.3336,0.3339,216139.3,1661684399999,72151.13948,186,153288.7,51170.42954,0
1661684400000,0.3339,0.3340,0.3338,0.3340,222028.7,1661684459999,74127.87751,175,95239.0,31800.53463,0
1661684460000,0.3339,0.3340,0.3338,0.3338,204922.9,1661684519999,68418.15502,151,72131.1,24085.35497,0
1661684520000,0.3338,0.3339,0.3337,0.3337,94172.9,1661684579999,31434.85775,90,15319.7,5114.06134,0
1661684580000,0.3337,0.3339,0.3337,0.3339,144027.3,1661684639999,48075.49507,192,114149.2,38105.08934,0
1661684640000,0.3340,0.3343,0.3338,0.3341,535093.1,1661684699999,178732.92029,305,370828.1,123866.88784,0
1661684700000,0.3342,0.3343,0.3337,0.3338,315081.5,1661684759999,105264.93324,194,136491.5,45611.92056,0
1661684760000,0.3337,0.3338,0.3335,0.3335,359451.2,1661684819999,119911.68569,278,106228.1,35438.93252,0
1661684820000,0.3335,0.3336,0.3329,0.3331,1601573.4,1661684879999,533729.10304,865,865979.7,288600.07074,0
1661684880000,0.3331,0.3333,0.3330,0.3331,316822.5,1661684939999,105546.61321,302,205192.6,68359.45189,0
1661684940000,0.3332,0.3338,0.3332,0.3337,269246.9,1661684999999,89773.29357,276,230970.4,77014.29091,0
1661685000000,0.3337,0.3346,0.3337,0.3344,1033273.2,1661685059999,345398.32425,509,671735.0,224516.39915,0
1661685060000,0.3344,0.3345,0.3343,0.3345,224498.3,1661685119999,75071.53448,206,118003.6,39466.63171,0
1661685120000,0.3345,0.3346,0.3341,0.3342,400719.9,1661685179999,133976.89047,312,121351.5,40567.55254,0
1661685180000,0.3343,0.3343,0.3341,0.3341,93310.7,1661685239999,31183.79469,115,39848.4,13317.97311,0
1661685240000,0.3341,0.3341,0.3336,0.3337,338390.1,1661685299999,112976.41594,258,106254.4,35468.10001,0
1661685300000,0.3337,0.3337,0.3333,0.3334,362031.2,1661685359999,120741.13121,288,112410.1,37492.21464,0
1661685360000,0.3333,0.3338,0.3333,0.3337,324273.4,1661685419999,108127.53244,238,240168.3,80094.71327,0
1661685420000,0.3338,0.3343,0.3337,0.3342,298295.9,1661685479999,99651.92020,254,183234.0,61211.14526,0
1661685480000,0.3342,0.3343,0.3337,0.3338,281128.5,1661685539999,93895.33207,203,109817.5,36676.37921,0
1661685540000,0.3338,0.3339,0.3336,0.3337,174299.0,1661685599999,58175.31061,121,67774.4,22620.95579,0
1661685600000,0.3336,0.3340,0.3336,0.3339,135313.3,1661685659999,45163.71978,199,124562.6,41576.19460,0
1661685660000,0.3339,0.3341,0.3337,0.3338,347525.7,1661685719999,116047.00235,234,170270.7,56862.48213,0
1661685720000,0.3338,0.3339,0.3337,0.3337,65799.8,1661685779999,21964.50242,62,17305.1,5777.18848,0
1661685780000,0.3337,0.3339,0.3335,0.3336,301334.6,1661685839999,100552.59281,187,111470.5,37196.41561,0
1661685840000,0.3335,0.3337,0.3333,0.3334,314201.5,1661685899999,104766.24607,178,70454.6,23496.07577,0
1661685900000,0.3335,0.3339,0.3331,0.3338,381441.0,1661685959999,127172.02949,311,211375.2,70500.58452,0
1661685960000,0.3339,0.3341,0.3338,0.3340,238828.1,1661686019999,79748.87117,157,145132.5,48464.74580,0
1661686020000,0.3341,0.3342,0.3339,0.3341,287860.0,1661686079999,96155.04089,200,142376.5,47564.01622,0
1661686080000,0.3341,0.3345,0.3341,0.3342,405955.0,1661686139999,135719.70715,245,236437.0,79046.58126,0
1661686140000,0.3342,0.3343,0.3339,0.3342,277157.3,1661686199999,92605.27640,259,141772.9,47370.14555,0
1661686200000,0.3342,0.3344,0.3342,0.3343,87365.2,1661686259999,29208.11044,108,68550.1,22918.39713,0
1661686260000,0.3343,0.3345,0.3343,0.3343,550459.5,1661686319999,184084.58770,287,268518.2,89807.97854,0
1661686320000,0.3343,0.3346,0.3343,0.3344,165253.3,1661686379999,55274.79534,156,79612.1,26631.77014,0
1661686380000,0.3344,0.3347,0.3343,0.3346,478344.4,1661686439999,159993.39771,314,243353.0,81414.06028,0
1661686440000,0.3346,0.3347,0.3345,0.3346,375836.5,1661686499999,125775.25790,183,268203.2,89762.90600,0
1661686500000,0.3345,0.3346,0.3345,0.3346,115151.7,1661686559999,38526.06898,99,78253.3,26183.55418,0
1661686560000,0.3346,0.3348,0.3345,0.3347,232482.8,1661686619999,77798.18930,141,82079.6,27469.06694,0
1661686620000,0.3346,0.3347,0.3345,0.3345,156716.1,1661686679999,52432.27329,91,8126.2,2719.30105,0
1661686680000,0.3345,0.3345,0.3341,0.3342,104438.4,1661686739999,34917.89434,110,16598.9,5549.72037,0
1661686740000,0.3341,0.3343,0.3341,0.3341,64874.7,1661686799999,21680.90721,97,35970.6,12021.71484,0
1661686800000,0.3341,0.3343,0.3341,0.3342,79060.4,1661686859999,26422.08489,77,54979.9,18375.13572,0
1661686860000,0.3343,0.3344,0.3342,0.3344,164024.1,1661686919999,54822.40891,113,85578.0,28602.57984,0
1661686920000,0.3344,0.3348,0.3343,0.3346,461922.4,1661686979999,154561.68494,221,331968.8,111073.66908,0
1661686980000,0.3347,0.3352,0.3346,0.3351,1335815.0,1661687039999,447573.17695,572,852936.5,285767.19307,0
1661687040000,0.3352,0.3353,0.3344,0.3346,2118879.1,1661687099999,709348.84757,615,886431.2,296666.41522,0
1661687100000,0.3346,0.3351,0.3346,0.3348,384319.0,1661687159999,128698.54403,236,225169.9,75404.56337,0
1661687160000,0.3349,0.3352,0.3349,0.3351,323244.6,1661687219999,108290.05050,120,269014.3,90121.32907,0
1661687220000,0.3351,0.3351,0.3349,0.3350,702408.0,1661687279999,235301.28312,272,236158.3,79116.13440,0
1661687280000,0.3351,0.3351,0.3348,0.3349,374894.3,1661687339999,125571.67863,156,59032.7,19780.81173,0
1661687340000,0.3348,0.3351,0.3347,0.3350,300347.6,1661687399999,100599.63858,161,183898.1,61587.52394,0
1661687400000,0.3351,0.3355,0.3351,0.3354,1248484.6,1661687459999,418665.66610,466,1038402.6,348218.82825,0
1661687460000,0.3355,0.3355,0.3349,0.3350,854707.2,1661687519999,286461.55566,280,195389.9,65475.68139,0
1661687520000,0.3350,0.3350,0.3347,0.3349,182211.6,1661687579999,61016.52731,129,103808.6,34761.39129,0
1661687580000,0.3348,0.3349,0.3345,0.3346,233698.0,1661687639999,78204.27268,163,46359.9,15513.26006,0
1661687640000,0.3345,0.3348,0.3345,0.3348,200270.4,1661687699999,67014.96764,86,175528.3,58734.57517,0
1661687700000,0.3348,0.3348,0.3344,0.3345,372166.4,1661687759999,124515.02799,211,125441.2,41968.66918,0
1661687760000,0.3346,0.3347,0.3344,0.3347,169199.7,1661687819999,56613.13006,144,119940.7,40133.25586,0
1661687820000,0.3347,0.3349,0.3346,0.3349,248785.7,1661687879999,83272.19564,186,182471.9,61077.83395,0
1661687880000,0.3348,0.3351,0.3348,0.3350,534966.5,1661687939999,179188.90692,252,353355.9,118371.81353,0
1661687940000,0.3351,0.3352,0.3349,0.3351,151028.8,1661687999999,50599.97096,142,82535.4,27654.36879,0
1661688000000,0.3351,0.3354,0.3350,0.3352,760860.7,1661688059999,255005.01848,354,310323.6,104007.21344,0
1661688060000,0.3352,0.3356,0.3352,0.3355,463139.5,1661688119999,155344.96817,293,376625.0,126322.31758,0
1661688120000,0.3355,0.3357,0.3353,0.3356,570994.7,1661688179999,191575.56188,330,253279.5,84985.66517,0
1661688180000,0.3355,0.3356,0.3353,0.3354,226806.3,1661688239999,76079.16278,258,70008.8,23483.84143,0
1661688240000,0.3353,0.3356,0.3353,0.3355,555761.0,1661688299999,186406.37279,315,344712.0,115623.26509,0
1661688300000,0.3354,0.3356,0.3354,0.3356,161599.5,1661688359999,54217.39900,150,137950.7,46285.52063,0
1661688360000,0.3355,0.3358,0.3353,0.3357,1635091.1,1661688419999,548767.47626,664,847897.7,284586.63370,0
1661688420000,0.3356,0.3358,0.3356,0.3357,268356.5,1661688479999,90098.02871,231,70278.3,23596.27847,0
1661688480000,0.3356,0.3357,0.3353,0.3355,377166.2,1661688539999,126529.35466,293,170716.2,57272.09915,0
1661688540000,0.3355,0.3355,0.3351,0.3353,216908.5,1661688599999,72726.48180,207,81845.1,27441.40701,0
1661688600000,0.3352,0.3354,0.3352,0.3353,99586.5,1661688659999,33393.56102,120,77454.1,25973.21598,0
1661688660000,0.3353,0.3354,0.3350,0.3350,225456.7,1661688719999,75580.79738,165,10513.2,3525.14686,0
1661688720000,0.3350,0.3351,0.3347,0.3349,521370.2,1661688779999,174572.98004,292,266526.1,89243.61487,0
1661688780000,0.3348,0.3349,0.3347,0.3348,297132.7,1661688839999,99479.78544,230,221252.8,74076.00351,0
1661688840000,0.3348,0.3350,0.3348,0.3349,163725.9,1661688899999,54830.67926,176,97535.4,32665.77724,0
1661688900000,0.3349,0.3353,0.3347,0.3347,1387342.8,1661688959999,464897.78038,474,1047279.9,350985.13622,0
1661688960000,0.3348,0.3348,0.3346,0.3346,173043.4,1661689019999,57915.04785,137,47565.9,15923.57969,0
1661689020000,0.3346,0.3347,0.3343,0.3344,888522.3,1661689079999,297166.99100,410,330833.4,110655.36476,0
1661689080000,0.3344,0.3345,0.3343,0.3344,174024.7,1661689139999,58193.09691,147,107476.1,35941.88806,0
1661689140000,0.3344,0.3344,0.3341,0.3341,334791.7,1661689199999,111912.76700,189,149694.2,50055.34107,0
1661689200000,0.3342,0.3345,0.3341,0.3343,432786.6,1661689259999,144678.65218,282,308940.6,103277.68005,0
1661689260000,0.3343,0.3345,0.3343,0.3344,123180.9,1661689319999,41189.66972,161,93186.0,31161.73296,0
1661689320000,0.3344,0.3345,0.3344,0.3345,79157.2,1661689379999,26473.52335,98,33556.7,11224.71615,0
1661689380000,0.3344,0.3345,0.3343,0.3344,221489.2,1661689439999,74061.24749,173,110886.4,37083.14078,0
1661689440000,0.3344,0.3345,0.3344,0.3344,97865.5,1661689499999,32734.10700,94,78838.0,26371.31100,0
1661689500000,0.3344,0.3345,0.3342,0.3344,329474.3,1661689559999,110164.13392,212,108612.3,36317.22200,0
1661689560000,0.3343,0.3344,0.3341,0.3343,417450.4,1661689619999,139545.35050,231,206774.1,69130.18876,0
1661689620000,0.3342,0.3343,0.3339,0.3340,646979.2,1661689679999,216123.73483,359,171760.2,57376.77629,0
1661689680000,0.3341,0.3346,0.3340,0.3345,883721.8,1661689739999,295502.64363,471,652128.1,218049.07178,0
1661689740000,0.3344,0.3345,0.3341,0.3341,277362.8,1661689799999,92755.34521,192,221627.9,74125.61263,0
1661689800000,0.3341,0.3342,0.3341,0.3341,90286.8,1661689859999,30170.62553,171,58056.5,19402.48230,0
1661689860000,0.3341,0.3346,0.3341,0.3344,357239.2,1661689919999,119450.80822,279,221120.3,73920.37329,0
1661689920000,0.3344,0.3346,0.3342,0.3342,576889.6,1661689979999,192921.20517,239,218028.4,72922.55620,0
1661689980000,0.3343,0.3343,0.3339,0.3339,924324.4,1661690039999,308777.63237,305,180091.4,60167.90166,0
1661690040000,0.3339,0.3340,0.3337,0.3338,530955.8,1661690099999,177264.91691,259,111372.1,37184.98330,0
1661690100000,0.3339,0.3339,0.3335,0.3337,514247.1,1661690159999,171591.29442,396,292359.6,97555.03615,0
1661690160000,0.3338,0.3340,0.3337,0.3340,193816.4,1661690219999,64709.66973,194,174073.5,58119.86182,0
1661690220000,0.3340,0.3342,0.3339,0.3342,259244.6,1661690279999,86614.14446,203,167388.3,55927.10670,0
1661690280000,0.3341,0.3344,0.3341,0.3343,368133.9,1661690339999,123028.84252,213,164399.4,54945.94098,0
1661690340000,0.3343,0.3343,0.3340,0.3343,269683.4,1661690399999,90120.52246,194,151797.0,50726.70531,0
1661690400000,0.3342,0.3343,0.3339,0.3340,207767.1,1661690459999,69415.54100,167,45144.5,15084.17900,0
1661690460000,0.3339,0.3340,0.3338,0.3339,145708.2,1661690519999,48653.46536,95,24352.8,8133.77664,0
1661690520000,0.3338,0.3341,0.3338,0.3340,294129.1,1661690579999,98214.39989,192,157007.8,52426.68514,0
1661690580000,0.3339,0.3342,0.3339,0.3339,360020.2,1661690639999,120265.93056,179,251352.4,83970.26870,0
1661690640000,0.3339,0.3343,0.3339,0.3341,363587.6,1661690699999,121475.25603,165,327433.1,109394.49500,0
1661690700000,0.3341,0.3342,0.3340,0.3340,172395.6,1661690759999,57601.04084,158,64357.9,21505.74442,0
1661690760000,0.3341,0.3342,0.3340,0.3341,154264.5,1661690819999,51539.14909,97,143115.7,47815.05331,0
1661690820000,0.3341,0.3342,0.3338,0.3338,818237.1,1661690879999,273322.44626,259,105075.4,35105.91057,0
1661690880000,0.3338,0.3340,0.3337,0.3338,638036.3,1661690939999,212999.42677,366,338122.4,112877.21873,0
1661690940000,0.3338,0.3341,0.3338,0.3338,266906.1,1661690999999,89139.11496,188,125336.3,41856.90622,0
1661691000000,0.3339,0.3339,0.3337,0.3337,189561.9,1661691059999,63278.98339,170,63171.5,21091.41213,0
1661691060000,0.3337,0.3340,0.3337,0.3339,161514.0,1661691119999,53921.30810,154,100522.8,33558.02885,0
1661691120000,0.3339,0.3340,0.3333,0.3334,640377.1,1661691179999,213599.01830,367,92608.1,30895.10838,0
1661691180000,0.3334,0.3338,0.3334,0.3336,287971.5,1661691239999,96090.14840,232,201755.9,67323.51940,0
1661691240000,0.3337,0.3341,0.3336,0.3340,299480.8,1661691299999,99989.59173,207,211497.7,70625.94024,0
1661691300000,0.3340,0.3341,0.3337,0.3337,266879.8,1661691359999,89103.92234,205,39525.9,13203.99542,0
1661691360000,0.3336,0.3340,0.3334,0.3340,761446.5,1661691419999,254069.91798,415,443021.7,147820.31383,0
1661691420000,0.3339,0.3341,0.3337,0.3338,442167.6,1661691479999,147625.28731,186,104693.5,34967.65226,0
1661691480000,0.3337,0.3340,0.3334,0.3338,1216910.4,1661691539999,406057.43450,432,786316.4,262376.31797,0
1661691540000,0.3338,0.3341,0.3338,0.3339,553252.5,1661691599999,184733.45504,212,205589.9,68659.50931,0
1661691600000,0.3338,0.3340,0.3336,0.3336,393796.2,1661691659999,131459.18040,249,240782.0,80388.93104,0
1661691660000,0.3337,0.3339,0.3336,0.3337,313976.9,1661691719999,104775.92496,221,177081.3,59094.99648,0
1661691720000,0.3336,0.3339,0.3336,0.3337,346589.2,1661691779999,115659.25909,215,124664.3,41606.57545,0
1661691780000,0.3336,0.3340,0.3335,0.3340,304589.6,1661691839999,101633.57094,236,198851.2,66358.24961,0
1661691840000,0.3339,0.3340,0.3336,0.3336,972800.8,1661691899999,324743.99527,256,448658.9,149770.36934,0
1661691900000,0.3336,0.3339,0.3336,0.3336,194618.1,1661691959999,64950.36076,152,124898.0,41681.83394,0
1661691960000,0.3337,0.3337,0.3335,0.3335,190225.0,1661692019999,63454.22349,127,51826.3,17290.16509,0
1661692020000,0.3336,0.3339,0.3335,0.3339,280091.8,1661692079999,93451.91338,272,228778.3,76338.34159,0
1661692080000,0.3338,0.3339,0.3338,0.3338,65119.1,1661692139999,21738.04798,63,12924.0,4315.32360,0
1661692140000,0.3339,0.3339,0.3335,0.3337,415827.8,1661692199999,138730.30248,230,173446.3,57867.55371,0
1661692200000,0.3336,0.3339,0.3336,0.3338,177037.7,1661692259999,59093.01732,179,107709.7,35954.25675,0
1661692260000,0.3338,0.3338,0.3334,0.3335,539715.1,1661692319999,180066.74442,262,63581.8,21216.76169,0
1661692320000,0.3335,0.3336,0.3334,0.3334,394602.7,1661692379999,131595.08102,267,220819.8,73648.66563,0
1661692380000,0.3334,0.3337,0.3334,0.3336,120737.7,1661692439999,40275.38929,171,82775.7,27613.53328,0
1661692440000,0.3337,0.3338,0.3336,0.3337,96992.6,1661692499999,32368.14965,147,66892.5,22323.74985,0
1661692500000,0.3337,0.3338,0.3337,0.3338,153134.4,1661692559999,51112.91367,197,64418.1,21502.76178,0
1661692560000,0.3338,0.3339,0.3337,0.3338,144154.9,1661692619999,48119.56775,95,58322.2,19468.62862,0
1661692620000,0.3338,0.3341,0.3338,0.3341,543067.1,1661692679999,181379.36903,265,352748.5,117816.95245,0
1661692680000,0.3341,0.3343,0.3339,0.3339,411723.7,1661692739999,137559.33894,281,81495.1,27234.03628,0
1661692740000,0.3340,0.3340,0.3338,0.3338,135821.6,1661692799999,45352.93062,105,70505.6,23545.31653,0
1661692800000,0.3338,0.3340,0.3338,0.3338,222412.1,1661692859999,74255.40926,146,82312.2,27484.13342,0
1661692860000,0.3338,0.3339,0.3338,0.3339,67182.4,1661692919999,22430.22983,81,43997.7,14690.83203,0
1661692920000,0.3339,0.3340,0.3338,0.3339,251574.8,1661692979999,83998.16712,126,58295.4,19464.89080,0
1661692980000,0.3339,0.3340,0.3338,0.3339,162787.9,1661693039999,54356.37942,189,77166.6,25767.84841,0
1661693040000,0.3340,0.3340,0.3338,0.3339,299732.2,1661693099999,100061.65679,131,80778.4,26972.00817,0
1661693100000,0.3340,0.3340,0.3338,0.3338,94844.0,1661693159999,31666.99455,163,33484.3,11180.90470,0
1661693160000,0.3338,0.3339,0.3335,0.3336,610055.8,1661693219999,203560.27275,288,121013.2,40373.89442,0
1661693220000,0.3336,0.3338,0.3336,0.3337,248209.5,1661693279999,82826.33519,198,185106.0,61772.78043,0
1661693280000,0.3338,0.3339,0.3337,0.3338,108626.0,1661693339999,36257.93007,175,29469.7,9837.28856,0
1661693340000,0.3337,0.3339,0.3337,0.3338,204544.7,1661693399999,68272.92413,225,117684.9,39284.24595,0
1661693400000,0.3339,0.3341,0.3338,0.3341,235341.5,1661693459999,78587.65524,204,222450.9,74283.49409,0
1661693460000,0.3341,0.3342,0.3340,0.3340,183864.8,1661693519999,61429.53055,179,80439.9,26875.72587,0
1661693520000,0.3341,0.3342,0.3340,0.3342,277870.3,1661693579999,92827.97137,213,175665.1,58686.18198,0
1661693580000,0.3342,0.3342,0.3341,0.3342,35935.0,1661693639999,12008.28023,68,23967.3,8009.87166,0
1661693640000,0.3342,0.3342,0.3340,0.3340,89241.9,1661693699999,29819.99499,121,65370.7,21845.73391,0
1661693700000,0.3340,0.3342,0.3340,0.3342,178956.2,1661693759999,59786.80545,147,97853.4,32692.99027,0
1661693760000,0.3342,0.3343,0.3341,0.3343,155439.1,1661693819999,51945.33237,77,123109.8,41143.58240,0
1661693820000,0.3342,0.3343,0.3341,0.3341,151908.6,1661693879999,50766.45306,96,19509.6,6520.17483,0
1661693880000,0.3341,0.3342,0.3341,0.3342,59804.4,1661693939999,19981.46574,53,8157.0,2726.06940,0
1661693940000,0.3341,0.3342,0.3340,0.3340,76067.7,1661693999999,25412.54152,57,2806.9,937.79212,0
1661694000000,0.3341,0.3343,0.3341,0.3341,295967.1,1661694059999,98895.81947,210,182395.6,60946.59073,0
1661694060000,0.3341,0.3343,0.3341,0.3342,51864.2,1661694119999,17331.64819,55,18115.9,6055.07476,0
1661694120000,0.3343,0.3343,0.3341,0.3341,30164.9,1661694179999,10080.59128,50,9694.6,3240.00653,0
1661694180000,0.3342,0.3344,0.3341,0.3344,329327.3,1661694239999,110060.26295,171,82372.2,27539.21484,0
1661694240000,0.3344,0.3345,0.3343,0.3344,76724.0,1661694299999,25659.27541,56,75568.4,25272.91757,0
1661694300000,0.3345,0.3347,0.3344,0.3347,401904.4,1661694359999,134459.00487,218,211962.6,70914.41453,0
1661694360000,0.3346,0.3348,0.3346,0.3346,408309.8,1661694419999,136651.56524,194,232993.9,77983.35833,0
1661694420000,0.3347,0.3347,0.3345,0.3346,72510.4,1661694479999,24262.16815,66,5686.0,1902.75761,0
1661694480000,0.3345,0.3346,0.3343,0.3344,334037.4,1661694539999,111704.85991,221,85657.4,28644.49048,0
1661694540000,0.3344,0.3344,0.3341,0.3341,108453.0,1661694599999,36249.42760,64,3921.5,1311.07505,0
1661694600000,0.3342,0.3343,0.3342,0.3342,181624.0,1661694659999,60700.19245,137,53969.4,18038.02513,0
1661694660000,0.3341,0.3344,0.3341,0.3344,232168.5,1661694719999,77594.91370,124,157324.8,52582.16056,0
1661694720000,0.3344,0.3344,0.3342,0.3343,41560.5,1661694779999,13893.49787,47,5216.6,1744.11064,0
1661694780000,0.3343,0.3345,0.3341,0.3342,201932.0,1661694839999,67516.50702,159,72304.8,24173.32928,0
1661694840000,0.3342,0.3344,0.3341,0.3344,74272.9,1661694899999,24826.07925,69,67329.3,22505.19850,0
1661694900000,0.3343,0.3344,0.3342,0.3343,26924.1,1661694959999,9000.69016,65,12016.2,4017.17789,0
1661694960000,0.3343,0.3344,0.3342,0.3342,109562.2,1661695019999,36628.83002,107,38930.8,13018.43535,0
1661695020000,0.3343,0.3344,0.3342,0.3344,35711.2,1661695079999,11939.93977,93,34402.7,11502.53568,0
1661695080000,0.3344,0.3344,0.3342,0.3343,78001.4,1661695139999,26075.17714,79,5630.0,1882.35305,0
1661695140000,0.3343,0.3343,0.3338,0.3338,363186.9,1661695199999,121294.99099,210,133621.6,44624.39040,0
1661695200000,0.3339,0.3340,0.3338,0.3340,282391.8,1661695259999,94295.07735,209,68128.7,22752.94175,0
1661695260000,0.3340,0.3342,0.3339,0.3341,160107.5,1661695319999,53480.95489,132,128519.5,42928.19106,0
1661695320000,0.3342,0.3343,0.3340,0.3342,168328.7,1661695379999,56245.40653,157,125914.3,42074.44263,0
1661695380000,0.3342,0.3343,0.3341,0.3342,114476.2,1661695439999,38257.13418,129,13938.2,4658.58292,0
1661695440000,0.3342,0.3343,0.3341,0.3343,86926.7,1661695499999,29050.90572,94,78983.2,26396.72312,0
1661695500000,0.3343,0.3343,0.3338,0.3339,269515.2,1661695559999,90025.92437,194,41930.4,14001.94848,0
1661695560000,0.3339,0.3342,0.3336,0.3338,1834324.0,1661695619999,612553.39304,576,1219897.7,407358.75934,0
1661695620000,0.3337,0.3339,0.3337,0.3338,224991.0,1661695679999,75098.55575,188,67449.7,22516.07817,0
1661695680000,0.3337,0.3338,0.3335,0.3337,228123.1,1661695739999,76109.16130,174,155337.8,51828.44269,0
1661695740000,0.3337,0.3337,0.3335,0.3335,271109.4,1661695799999,90440.18735,165,87463.7,29183.17378,0
1661695800000,0.3336,0.3337,0.3332,0.3335,1437470.5,1661695859999,479269.06773,607,709800.5,236650.53021,0
1661695860000,0.3334,0.3338,0.3333,0.3333,504764.2,1661695919999,168306.55099,248,159222.8,53107.24634,0
1661695920000,0.3333,0.3336,0.3333,0.3334,457803.2,1661695979999,152636.19014,231,318103.7,106062.68911,0
1661695980000,0.3334,0.3336,0.3333,0.3335,181285.1,1661696039999,60443.93942,144,170027.8,56691.38825,0
1661696040000,0.3336,0.3336,0.3335,0.3336,67593.9,1661696099999,22545.17772,89,26120.7,8713.86552,0
1661696100000,0.3335,0.3337,0.3335,0.3337,334958.0,1661696159999,111725.22153,192,156627.1,52251.80855,0
1661696160000,0.3338,0.3338,0.3336,0.3337,145540.3,1661696219999,48566.43238,76,91338.3,30480.17690,0
1661696220000,0.3336,0.3338,0.3336,0.3336,380728.4,1661696279999,127060.29291,191,192587.0,64276.22947,0
1661696280000,0.3335,0.3335,0.3329,0.3333,2043171.4,1661696339999,680713.24817,795,761360.3,253665.68845,0
1661696340000,0.3332,0.3334,0.3329,0.3332,591618.5,1661696399999,197077.11170,308,333477.9,111098.26263,0
1661696400000,0.3332,0.3333,0.3331,0.3332,198357.8,1661696459999,66090.02482,112,101338.1,33768.60516,0
1661696460000,0.3331,0.3332,0.3327,0.3330,1331009.9,1661696519999,443022.51551,564,400271.1,133232.68910,0
1661696520000,0.3330,0.3331,0.3326,0.3328,698824.2,1661696579999,232573.06718,367,370981.8,123477.96193,0
1661696580000,0.3328,0.3328,0.3324,0.3324,843007.5,1661696639999,280332.18852,486,217732.3,72409.67742,0
1661696640000,0.3324,0.3332,0.3324,0.3330,1298398.0,1661696699999,432150.10685,449,1017375.5,338655.79054,0
1661696700000,0.3329,0.3331,0.3327,0.3330,704714.6,1661696759999,234620.16653,360,428260.5,142588.85304,0
1661696760000,0.3329,0.3333,0.3329,0.3332,230731.8,1661696819999,76838.98623,193,108044.8,35981.73397,0
1661696820000,0.3332,0.3335,0.3331,0.3334,756961.4,1661696879999,252326.10081,245,617548.9,205866.56477,0
1661696880000,0.3334,0.3337,0.3333,0.3337,361255.5,1661696939999,120469.03507,235,219496.4,73206.27244,0
1661696940000,0.3336,0.3337,0.3334,0.3336,307081.9,1661696999999,102418.87702,189,164985.3,55028.33573,0
1661697000000,0.3335,0.3335,0.3333,0.3334,472062.1,1661697059999,157389.94679,273,179158.0,59738.65394,0
1661697060000,0.3333,0.3339,0.3333,0.3339,371011.4,1661697119999,123787.44774,286,254919.8,85049.49601,0
1661697120000,0.3338,0.3345,0.3338,0.3343,972937.8,1661697179999,325232.74463,529,464558.9,155276.10919,0
1661697180000,0.3344,0.3346,0.3340,0.3345,441489.1,1661697239999,147595.01160,264,251323.9,84039.70292,0
1661697240000,0.3346,0.3348,0.3345,0.3346,756285.5,1661697299999,253088.61862,376,447772.1,149858.53653,0
1661697300000,0.3345,0.3347,0.3343,0.3346,357800.0,1661697359999,119655.21907,266,159323.0,53281.87010,0
1661697360000,0.3347,0.3349,0.3345,0.3349,590691.1,1661697419999,197704.48817,316,162079.2,54255.13733,0
1661697420000,0.3350,0.3354,0.3348,0.3354,789741.9,1661697479999,264627.77987,469,553961.2,185620.07827,0
1661697480000,0.3354,0.3357,0.3351,0.3354,1583585.0,1661697539999,531195.01506,726,716372.9,240291.74514,0
1661697540000,0.3355,0.3357,0.3348,0.3349,1187293.1,1661697599999,398042.20449,492,422191.8,141541.34453,0
1661697600000,0.3349,0.3352,0.3348,0.3350,703751.3,1661697659999,235782.48219,277,368786.7,123568.55912,0
1661697660000,0.3350,0.3351,0.3345,0.3345,301090.6,1661697719999,100790.85196,256,59995.3,20086.83912,0
1661697720000,0.3346,0.3350,0.3345,0.3348,874949.6,1661697779999,292832.55929,369,512531.9,171554.70469,0
1661697780000,0.3349,0.3350,0.3348,0.3348,327143.7,1661697839999,109549.38310,196,175332.0,58716.57370,0
1661697840000,0.3348,0.3350,0.3346,0.3347,253095.5,1661697899999,84740.33234,167,132244.4,44276.30006,0
1661697900000,0.3347,0.3348,0.3347,0.3347,144537.4,1661697959999,48386.54628,116,100162.8,33534.36766,0
1661697960000,0.3348,0.3355,0.3347,0.3355,938616.5,1661698019999,314556.52011,380,694962.7,232901.93203,0
1661698020000,0.3355,0.3355,0.3351,0.3353,1381491.8,1661698079999,463185.91331,521,416745.9,139727.59347,0
1661698080000,0.3352,0.3353,0.3349,0.3350,209533.4,1661698139999,70212.88344,175,31713.4,10631.25005,0
1661698140000,0.3350,0.3351,0.3348,0.3349,308987.0,1661698199999,103524.21866,180,157816.0,52875.14878,0
1661698200000,0.3349,0.3351,0.3347,0.3350,464424.7,1661698259999,155532.35017,263,356797.6,119490.21134,0
1661698260000,0.3350,0.3352,0.3349,0.3350,286493.9,1661698319999,95989.30350,130,179224.1,60051.29649,0
1661698320000,0.3350,0.3351,0.3346,0.3347,861018.9,1661698379999,288194.21463,315,262091.6,87731.67674,0
1661698380000,0.3348,0.3348,0.3342,0.3343,270129.5,1661698439999,90357.37333,199,80453.6,26912.03251,0
1661698440000,0.3343,0.3343,0.3339,0.3339,676892.4,1661698499999,226137.28311,333,276935.3,92533.24914,0
1661698500000,0.3340,0.3342,0.3339,0.3341,416942.1,1661698559999,139299.47563,183,348360.6,116387.42337,0
1661698560000,0.3342,0.3345,0.3341,0.3342,283824.3,1661698619999,94905.27470,190,144335.2,48261.17404,0
1661698620000,0.3343,0.3344,0.3342,0.3344,131025.2,1661698679999,43798.40685,99,92896.1,31055.51211,0
1661698680000,0.3344,0.3344,0.3342,0.3343,71434.2,1661698739999,23880.60860,87,32867.7,10988.43041,0
1661698740000,0.3342,0.3344,0.3341,0.3344,119436.4,1661698799999,39918.02662,105,77996.3,26068.81278,0
1661698800000,0.3343,0.3345,0.3341,0.3342,370794.0,1661698859999,123950.25752,233,167338.5,55938.26116,0
1661698860000,0.3342,0.3344,0.3341,0.3344,339416.8,1661698919999,113445.27397,235,248822.2,83167.66622,0
1661698920000,0.3343,0.3347,0.3343,0.3344,578519.8,1661698979999,193544.78225,302,314897.9,105346.30875,0
1661698980000,0.3344,0.3347,0.3344,0.3345,293183.6,1661699039999,98100.96103,237,189902.3,63550.09553,0
1661699040000,0.3344,0.3345,0.3343,0.3345,148208.1,1661699099999,49559.66345,155,64945.8,21719.32788,0
1661699100000,0.3345,0.3348,0.3344,0.3345,698037.7,1661699159999,233565.65856,283,548911.2,183671.42197,0
1661699160000,0.3345,0.3345,0.3343,0.3344,341609.5,1661699219999,114248.62180,229,283815.1,94922.63094,0
1661699220000,0.3344,0.3344,0.3342,0.3343,122668.3,1661699279999,41007.22190,156,34721.5,11607.96166,0
1661699280000,0.3343,0.3346,0.3342,0.3344,341185.4,1661699339999,114083.75307,256,221515.5,74068.17639,0
1661699340000,0.3344,0.3346,0.3343,0.3344,163157.0,1661699399999,54571.50477,207,72761.0,24339.43074,0
1661699400000,0.3344,0.3345,0.3343,0.3345,87960.7,1661699459999,29416.63122,124,69392.2,23208.35897,0
1661699460000,0.3345,0.3346,0.3344,0.3346,169619.9,1661699519999,56737.97121,182,148811.3,49779.57537,0
1661699520000,0.3345,0.3349,0.3345,0.3349,343868.0,1661699579999,115078.94787,284,219247.2,73379.88582,0
1661699580000,0.3349,0.3352,0.3348,0.3351,570587.3,1661699639999,191166.58745,344,449747.7,150687.40926,0
1661699640000,0.3351,0.3351,0.3347,0.3349,409948.6,1661699699999,137279.59003,215,87343.7,29252.18496,0
1661699700000,0.3349,0.3351,0.3348,0.3351,314786.2,1661699759999,105444.04639,251,233594.4,78250.22926,0
1661699760000,0.3350,0.3353,0.3350,0.3352,331843.6,1661699819999,111227.50325,230,275340.4,92291.37125,0
1661699820000,0.3351,0.3353,0.3350,0.3352,527910.1,1661699879999,176916.11465,258,163874.5,54927.18888,0
1661699880000,0.3352,0.3353,0.3349,0.3350,270182.8,1661699939999,90521.79008,201,121767.6,40793.98925,0
1661699940000,0.3351,0.3352,0.3350,0.3350,197312.5,1661699999999,66110.73568,156,74892.6,25096.51325,0
1661700000000,0.3350,0.3352,0.3350,0.3351,281457.2,1661700059999,94321.28678,234,134116.6,44949.16981,0
1661700060000,0.3351,0.3354,0.3351,0.3352,261149.1,1661700119999,87546.86383,217,103451.4,34686.75546,0
1661700120000,0.3353,0.3354,0.3351,0.3352,275446.6,1661700179999,92342.24454,159,32063.0,10750.78052,0
1661700180000,0.3352,0.3354,0.3352,0.3353,474841.4,1661700239999,159203.25466,184,355529.3,119200.58595,0
1661700240000,0.3353,0.3354,0.3352,0.3353,568803.4,1661700299999,190728.49933,172,487906.0,163606.53184,0
1661700300000,0.3353,0.3353,0.3350,0.3353,229278.5,1661700359999,76849.87728,169,56914.9,19077.77834,0
1661700360000,0.3353,0.3354,0.3352,0.3353,329578.4,1661700419999,110511.96983,85,308882.5,103572.66969,0
1661700420000,0.3354,0.3354,0.3352,0.3354,444365.6,1661700479999,149007.71569,206,233067.6,78161.74972,0
1661700480000,0.3353,0.3354,0.3352,0.3352,166085.9,1661700539999,55684.78871,126,29714.0,9964.81860,0
1661700540000,0.3353,0.3354,0.3351,0.3351,372654.4,1661700599999,124940.85514,202,111008.6,37228.72065,0
1661700600000,0.3352,0.3352,0.3350,0.3352,551139.6,1661700659999,184664.48685,330,139550.1,46770.66737,0
1661700660000,0.3351,0.3353,0.3351,0.3351,244745.1,1661700719999,82028.65030,227,121686.7,40789.38483,0
1661700720000,0.3351,0.3351,0.3348,0.3349,327885.3,1661700779999,109812.80063,213,96087.8,32183.10538,0
1661700780000,0.3350,0.3350,0.3348,0.3350,154575.0,1661700839999,51768.94301,149,80033.1,26805.46527,0
1661700840000,0.3349,0.3351,0.3349,0.3350,280450.1,1661700899999,93960.78293,153,255084.5,85465.41621,0
1661700900000,0.3350,0.3351,0.3349,0.3350,169794.0,1661700959999,56883.54748,176,50721.6,16996.39838,0
1661700960000,0.3350,0.3351,0.3347,0.3348,924227.3,1661701019999,309587.22470,292,356970.0,119614.47797,0
1661701020000,0.3348,0.3349,0.3347,0.3347,115258.5,1661701079999,38588.91571,112,24250.4,8120.08717,0
1661701080000,0.3348,0.3348,0.3346,0.3347,109211.1,1661701139999,36554.43158,109,19634.3,6573.47474,0
1661701140000,0.3347,0.3347,0.3344,0.3347,788184.3,1661701199999,263663.33453,387,490600.0,164122.97459,0
1661701200000,0.3348,0.3349,0.3347,0.3347,236707.6,1661701259999,79252.05019,217,115645.5,38722.54245,0
1661701260000,0.3348,0.3352,0.3347,0.3350,366848.8,1661701319999,122911.90860,222,231135.1,77440.41612,0
1661701320000,0.3351,0.3353,0.3351,0.3352,392983.0,1661701379999,131725.87517,216,244773.2,82053.33900,0
1661701380000,0.3352,0.3352,0.3350,0.3351,155329.7,1661701439999,52048.76967,95,60038.1,20118.88975,0
1661701440000,0.3351,0.3354,0.3351,0.3353,505342.0,1661701499999,169433.11399,189,388454.8,130245.54567,0
1661701500000,0.3352,0.3353,0.3351,0.3351,226230.5,1661701559999,75829.99076,257,72330.0,24246.01570,0
1661701560000,0.3352,0.3353,0.3351,0.3352,249249.2,1661701619999,83550.29325,162,96316.5,32287.27829,0
1661701620000,0.3352,0.3353,0.3349,0.3351,609054.8,1661701679999,204072.31992,280,177540.3,59495.76332,0
1661701680000,0.3351,0.3351,0.3345,0.3345,579456.8,1661701739999,193964.98765,315,191388.1,64062.19648,0
1661701740000,0.3346,0.3346,0.3345,0.3346,344667.9,1661701799999,115303.64632,171,216621.9,72472.25932,0
1661701800000,0.3346,0.3347,0.3345,0.3346,225147.5,1661701859999,75332.33038,146,130934.5,43813.68179,0
1661701860000,0.3346,0.3348,0.3345,0.3347,539048.1,1661701919999,180393.74551,274,323821.3,108372.10413,0
1661701920000,0.3347,0.3348,0.3346,0.3348,538603.0,1661701979999,180298.83542,279,323380.2,108251.85327,0
1661701980000,0.3348,0.3348,0.3344,0.3346,245517.4,1661702039999,82148.35508,144,61518.4,20580.50604,0
1661702040000,0.3346,0.3346,0.3342,0.3342,356105.4,1661702099999,119059.36733,218,131184.6,43862.63177,0
1661702100000,0.3343,0.3343,0.3340,0.3341,958025.2,1661702159999,320096.55975,285,487737.5,162967.08078,0
1661702160000,0.3341,0.3342,0.3339,0.3341,1031549.8,1661702219999,344615.68780,411,438893.9,146649.56764,0
1661702220000,0.3341,0.3341,0.3338,0.3339,611160.3,1661702279999,204061.09253,327,212985.3,71119.52018,0
1661702280000,0.3340,0.3340,0.3338,0.3339,386688.2,1661702339999,129110.58187,232,252294.7,84245.11870,0
1661702340000,0.3340,0.3340,0.3338,0.3339,485040.7,1661702399999,161940.89942,242,204369.4,68239.43111,0
1661702400000,0.3340,0.3345,0.3339,0.3344,2312749.0,1661702459999,773103.61710,782,1419085.1,474344.83171,0
1661702460000,0.3344,0.3348,0.3340,0.3347,1370621.3,1661702519999,458309.97707,649,1029054.0,344119.30101,0
1661702520000,0.3348,0.3353,0.3347,0.3351,1372499.7,1661702579999,459822.43177,707,892478.6,299003.78233,0
1661702580000,0.3350,0.3351,0.3348,0.3351,491220.8,1661702639999,164554.76122,337,261117.3,87483.09135,0
1661702640000,0.3351,0.3357,0.3350,0.3355,1217032.6,1661702699999,408264.10896,556,997670.4,334681.13013,0
1661702700000,0.3354,0.3356,0.3354,0.3355,762966.2,1661702759999,255981.12321,382,257037.5,86253.46949,0
1661702760000,0.3355,0.3355,0.3350,0.3352,453389.5,1661702819999,151968.74620,330,139936.4,46918.37508,0
1661702820000,0.3351,0.3353,0.3350,0.3352,353561.4,1661702879999,118498.23970,302,187295.6,62775.41986,0
1661702880000,0.3352,0.3353,0.3349,0.3351,742992.1,1661702939999,248917.51386,361,144404.0,48390.30301,0
1661702940000,0.3350,0.3353,0.3350,0.3351,370446.8,1661702999999,124154.63056,313,230711.0,77329.19302,0
1661703000000,0.3351,0.3353,0.3351,0.3352,436405.0,1661703059999,146275.72037,335,330017.2,110622.80347,0
1661703060000,0.3351,0.3353,0.3351,0.3353,238194.7,1661703119999,79842.00944,273,206420.8,69194.08086,0
1661703120000,0.3352,0.3353,0.3352,0.3353,208847.5,1661703179999,70020.27223,185,145902.3,48921.04119,0
1661703180000,0.3352,0.3355,0.3352,0.3354,294130.0,1661703239999,98661.72564,257,243289.5,81611.30148,0
1661703240000,0.3354,0.3355,0.3354,0.3354,77581.0,1661703299999,26025.89377,172,52263.7,17534.47135,0
1661703300000,0.3354,0.3355,0.3353,0.3355,492911.7,1661703359999,165309.05802,358,130282.8,43698.14657,0
1661703360000,0.3354,0.3357,0.3354,0.3357,439956.7,1661703419999,147649.44588,317,356695.5,119710.07418,0
1661703420000,0.3356,0.3362,0.3355,0.3360,2908562.5,1661703479999,977048.90814,1119,2021957.3,679292.01395,0
1661703480000,0.3360,0.3364,0.3359,0.3361,1426224.7,1661703539999,479427.83606,646,856875.4,288094.05064,0
1661703540000,0.3360,0.3365,0.3360,0.3363,756121.0,1661703599999,254276.83341,409,432629.4,145485.87988,0
1661703600000,0.3362,0.3367,0.3362,0.3367,866262.7,1661703659999,291537.74596,521,639561.4,215261.21392,0
1661703660000,0.3366,0.3369,0.3365,0.3368,1133936.4,1661703719999,381862.74400,578,690051.3,232397.92553,0
1661703720000,0.3367,0.3368,0.3363,0.3366,980212.0,1661703779999,329890.42064,393,339302.2,114199.74897,0
1661703780000,0.3366,0.3367,0.3365,0.3365,239189.5,1661703839999,80507.68646,215,111088.9,37394.40417,0
1661703840000,0.3366,0.3367,0.3365,0.3366,290755.0,1661703899999,97864.12101,294,152601.7,51369.41811,0
1661703900000,0.3366,0.3370,0.3365,0.3369,871881.1,1661703959999,293642.49318,489,667305.5,224758.79912,0
1661703960000,0.3369,0.3370,0.3367,0.3369,818270.8,1661704019999,275644.25019,390,354742.5,119508.26774,0
1661704020000,0.3369,0.3372,0.3368,0.3369,662773.5,1661704079999,223378.43012,478,411680.6,138767.98895,0
1661704080000,0.3369,0.3369,0.3360,0.3360,581748.8,1661704139999,195773.02845,364,67162.9,22613.52759,0
1661704140000,0.3360,0.3364,0.3359,0.3363,525603.3,1661704199999,176702.89427,285,300018.3,100874.91623,0
1661704200000,0.3364,0.3364,0.3358,0.3361,1208234.3,1661704259999,406043.64259,476,552964.0,185816.79369,0
1661704260000,0.3360,0.3361,0.3357,0.3358,545895.1,1661704319999,183332.08555,327,282313.8,94812.26705,0
1661704320000,0.3357,0.3361,0.3357,0.3358,442460.4,1661704379999,148643.85397,224,343719.3,115476.90939,0
1661704380000,0.3359,0.3359,0.3357,0.3359,260767.3,1661704439999,87569.40346,214,148711.9,49942.24008,0
1661704440000,0.3358,0.3358,0.3353,0.3355,645559.6,1661704499999,216572.57665,350,206401.7,69245.11762,0
1661704500000,0.3355,0.3358,0.3355,0.3357,661791.6,1661704559999,222123.47721,303,544947.8,182910.36540,0
1661704560000,0.3358,0.3358,0.3355,0.3355,266570.0,1661704619999,89486.04584,142,175647.5,58969.41779,0
1661704620000,0.3356,0.3358,0.3355,0.3357,396819.6,1661704679999,133199.10464,157,217471.3,72998.55497,0
1661704680000,0.3358,0.3358,0.3355,0.3357,378863.1,1661704739999,127146.04636,155,98125.6,32934.32030,0
1661704740000,0.3356,0.3359,0.3356,0.3359,273143.1,1661704799999,91719.98837,156,213625.9,71734.11857,0
1661704800000,0.3359,0.3359,0.3357,0.3357,214392.3,1661704859999,71999.83138,128,107730.7,36185.79478,0
1661704860000,0.3358,0.3358,0.3355,0.3356,220316.0,1661704919999,73946.06690,126,63669.5,21372.98345,0
1661704920000,0.3355,0.3357,0.3354,0.3354,827138.0,1661704979999,277546.90027,270,297383.8,99798.40831,0
1661704980000,0.3355,0.3355,0.3351,0.3353,958421.9,1661705039999,321299.81138,427,385071.6,129092.40970,0
1661705040000,0.3352,0.3352,0.3350,0.3352,461991.7,1661705099999,154820.95428,229,173283.3,58080.68673,0
1661705100000,0.3352,0.3352,0.3347,0.3347,992974.2,1661705159999,332552.63820,440,263129.7,88135.87006,0
1661705160000,0.3347,0.3349,0.3342,0.3349,1434211.8,1661705219999,479809.40788,578,611227.3,204527.46454,0
1661705220000,0.3348,0.3350,0.3347,0.3347,905986.0,1661705279999,303384.91888,288,738456.9,247298.53454,0
1661705280000,0.3347,0.3347,0.3344,0.3346,497932.3,1661705339999,166594.91071,186,360748.5,120701.25006,0
1661705340000,0.3346,0.3348,0.3346,0.3348,234382.7,1661705399999,78459.31457,129,218291.2,73074.46454,0
1661705400000,0.3348,0.3348,0.3345,0.3345,238509.7,1661705459999,79832.78087,156,143122.6,47905.03595,0
1661705460000,0.3346,0.3347,0.3344,0.3345,254122.8,1661705519999,85026.63081,177,154744.8,51779.70989,0
1661705520000,0.3345,0.3348,0.3344,0.3348,847966.9,1661705579999,283736.61862,205,556143.5,186119.53547,0
1661705580000,0.3348,0.3348,0.3346,0.3347,171942.5,1661705639999,57548.02044,118,134952.5,45169.18768,0
1661705640000,0.3347,0.3348,0.3346,0.3346,263564.8,1661705699999,88216.44142,127,139926.2,46841.11460,0
1661705700000,0.3345,0.3347,0.3345,0.3345,227843.9,1661705759999,76236.50146,128,79004.3,26435.03808,0
1661705760000,0.3345,0.3346,0.3342,0.3344,676434.6,1661705819999,226203.90357,291,226710.1,75822.66403,0
1661705820000,0.3345,0.3346,0.3342,0.3346,584612.1,1661705879999,195506.42440,297,424148.0,141856.31602,0
1661705880000,0.3345,0.3346,0.3344,0.3344,167889.7,1661705939999,56161.63820,106,46038.6,15403.86590,0
1661705940000,0.3345,0.3346,0.3343,0.3345,553809.4,1661705999999,185231.53079,238,259936.9,86954.30503,0
1661706000000,0.3345,0.3345,0.3343,0.3344,247304.6,1661706059999,82702.36028,203,176878.0,59152.99269,0
1661706060000,0.3345,0.3349,0.3344,0.3349,428015.7,1661706119999,143253.26988,298,372271.9,124593.34998,0
1661706120000,0.3349,0.3350,0.3347,0.3348,338561.5,1661706179999,113369.98855,163,225650.5,75563.80399,0
1661706180000,0.3348,0.3351,0.3347,0.3348,262412.7,1661706239999,87885.20601,235,127272.7,42628.16635,0
1661706240000,0.3347,0.3349,0.3347,0.3348,148964.5,1661706299999,49871.78339,137,93494.3,31302.05438,0
1661706300000,0.3348,0.3349,0.3347,0.3348,246330.4,1661706359999,82489.25228,161,217955.1,72989.39061,0
1661706360000,0.3349,0.3349,0.3346,0.3348,274327.9,1661706419999,91825.24251,199,99765.7,33392.57485,0
1661706420000,0.3348,0.3348,0.3346,0.3347,71872.7,1661706479999,24052.34200,79,6852.6,2293.58585,0
1661706480000,0.3346,0.3348,0.3346,0.3346,153586.2,1661706539999,51404.68599,156,83897.9,28082.09692,0
1661706540000,0.3347,0.3347,0.3345,0.3347,494434.3,1661706599999,165435.52422,211,234278.9,78391.21443,0
1661706600000,0.3347,0.3348,0.3346,0.3348,137409.5,1661706659999,45995.72571,148,133089.0,44549.66366,0
1661706660000,0.3348,0.3349,0.3347,0.3347,311108.3,1661706719999,104165.33588,157,61362.1,20547.67095,0
1661706720000,0.3348,0.3348,0.3346,0.3346,99348.0,1661706779999,33254.53626,110,36323.5,12160.77128,0
1661706780000,0.3347,0.3349,0.3347,0.3349,225537.4,1661706839999,75504.03187,118,184468.2,61754.30962,0
1661706840000,0.3348,0.3348,0.3346,0.3346,184518.2,1661706899999,61767.25836,161,52935.3,17722.67472,0
1661706900000,0.3347,0.3348,0.3346,0.3348,342634.1,1661706959999,114680.12954,185,187812.0,62861.63743,0
1661706960000,0.3348,0.3350,0.3347,0.3350,249813.1,1661707019999,83652.04062,163,204145.0,68364.23459,0
1661707020000,0.3349,0.3349,0.3348,0.3349,188670.6,1661707079999,63185.18503,140,71771.5,24036.27535,0
1661707080000,0.3349,0.3351,0.3348,0.3351,276376.3,1661707139999,92553.23600,145,119946.2,40180.27500,0
1661707140000,0.3350,0.3350,0.3349,0.3350,290295.3,1661707199999,97235.63357,151,134449.9,45035.54439,0
1661707200000,0.3349,0.3352,0.3349,0.3350,222377.2,1661707259999,74509.79530,231,134692.8,45130.01196,0
1661707260000,0.3351,0.3351,0.3350,0.3351,77927.6,1661707319999,26110.59264,56,48466.4,16241.09064,0
1661707320000,0.3350,0.3352,0.3348,0.3349,579049.0,1661707379999,193951.03525,255,117205.4,39269.72755,0
1661707380000,0.3349,0.3350,0.3349,0.3349,54216.4,1661707439999,18158.27778,43,47747.5,15991.84317,0
1661707440000,0.3350,0.3351,0.3349,0.3351,442622.5,1661707499999,148314.00248,177,332192.4,111309.53562,0
1661707500000,0.3351,0.3352,0.3349,0.3350,170809.3,1661707559999,57228.28875,142,49771.2,16677.62885,0
1661707560000,0.3350,0.3352,0.3349,0.3351,286455.6,1661707619999,95980.60215,194,196968.8,65999.96848,0
1661707620000,0.3350,0.3350,0.3349,0.3350,81353.0,1661707679999,27252.81074,76,10320.4,3457.33400,0
1661707680000,0.3350,0.3350,0.3348,0.3348,208231.1,1661707739999,69726.69957,137,90277.3,30226.97721,0
1661707740000,0.3349,0.3349,0.3345,0.3347,437044.2,1661707799999,146264.38128,200,227617.9,76173.80716,0
1661707800000,0.3348,0.3349,0.3347,0.3349,140491.5,1661707859999,47035.96508,115,131019.7,43865.75362,0
1661707860000,0.3349,0.3351,0.3348,0.3350,198443.4,1661707919999,66469.78447,117,162906.6,54568.33360,0
1661707920000,0.3351,0.3351,0.3349,0.3350,166500.8,1661707979999,55781.81184,101,50154.6,16805.85656,0
1661707980000,0.3350,0.3350,0.3346,0.3346,265754.5,1661708039999,88966.74230,177,82164.2,27501.35277,0
1661708040000,0.3346,0.3348,0.3346,0.3347,95428.7,1661708099999,31938.59228,89,81419.3,27251.04270,0
1661708100000,0.3347,0.3352,0.3347,0.3351,501526.9,1661708159999,167999.25901,214,428145.4,143411.55723,0
1661708160000,0.3351,0.3351,0.3349,0.3350,219757.6,1661708219999,73621.33913,115,109488.0,36684.92693,0
1661708220000,0.3349,0.3350,0.3346,0.3347,213755.7,1661708279999,71567.20079,131,24115.9,8071.61927,0
1661708280000,0.3347,0.3347,0.3345,0.3347,108458.2,1661708339999,36289.93809,91,58116.9,19446.24220,0
1661708340000,0.3346,0.3347,0.3344,0.3345,398251.7,1661708399999,133235.25637,201,232053.5,77638.30236,0
1661708400000,0.3345,0.3346,0.3344,0.3345,224709.3,1661708459999,75165.82510,151,164717.1,55099.83046,0
1661708460000,0.3345,0.3346,0.3343,0.3346,559937.5,1661708519999,187244.78064,209,300035.1,100344.13707,0
1661708520000,0.3346,0.3347,0.3345,0.3346,102113.6,1661708579999,34166.99202,88,91587.8,30645.41221,0
1661708580000,0.3347,0.3347,0.3346,0.3346,179277.3,1661708639999,59991.04735,102,48627.7,16275.69119,0
1661708640000,0.3346,0.3347,0.3344,0.3346,230439.5,1661708699999,77089.26289,128,59605.9,19938.61616,0
1661708700000,0.3346,0.3346,0.3344,0.3346,237441.8,1661708759999,79432.19781,154,130956.9,43813.49023,0
1661708760000,0.3346,0.3348,0.3345,0.3348,172732.3,1661708819999,57810.36454,87,159901.1,53517.59901,0
1661708820000,0.3348,0.3348,0.3347,0.3348,102073.5,1661708879999,34174.05761,98,100571.6,33671.37168,0
1661708880000,0.3348,0.3348,0.3346,0.3347,175215.4,1661708939999,58644.49647,123,57719.8,19318.86290,0
1661708940000,0.3347,0.3348,0.3346,0.3347,97521.9,1661708999999,32640.55610,91,52083.9,17432.51727,0
1661709000000,0.3347,0.3348,0.3346,0.3348,62435.6,1661709059999,20899.08463,98,57316.1,19185.85328,0
1661709060000,0.3347,0.3350,0.3347,0.3348,298866.7,1661709119999,100082.67940,157,192661.7,64518.76824,0
1661709120000,0.3349,0.3351,0.3349,0.3351,94155.2,1661709179999,31540.65514,99,76807.7,25730.74259,0
1661709180000,0.3350,0.3352,0.3349,0.3351,279951.5,1661709239999,93799.97863,172,189172.7,63386.04947,0
1661709240000,0.3351,0.3351,0.3348,0.3349,148918.0,1661709299999,49873.42832,100,17223.6,5770.06774,0
1661709300000,0.3348,0.3349,0.3348,0.3348,69706.5,1661709359999,23339.37109,131,16348.9,5475.24661,0
1661709360000,0.3348,0.3349,0.3347,0.3347,62904.4,1661709419999,21060.31807,75,1539.4,515.49506,0
1661709420000,0.3348,0.3349,0.3347,0.3349,57371.3,1661709479999,19207.33284,67,47254.2,15820.91895,0
1661709480000,0.3349,0.3349,0.3345,0.3345,86308.8,1661709539999,28887.06675,93,6009.9,2012.27825,0
1661709540000,0.3346,0.3347,0.3345,0.3347,63201.2,1661709599999,21145.23813,70,42847.5,14336.77605,0
1661709600000,0.3347,0.3348,0.3346,0.3348,156342.3,1661709659999,52326.27162,140,104741.0,35060.40891,0
1661709660000,0.3348,0.3349,0.3347,0.3349,75694.8,1661709719999,25342.75601,95,68340.1,22880.51133,0
1661709720000,0.3349,0.3350,0.3348,0.3349,209069.1,1661709779999,70012.57392,153,87042.7,29150.61304,0
1661709780000,0.3349,0.3350,0.3348,0.3350,94893.2,1661709839999,31779.99060,116,89361.6,29927.55126,0
1661709840000,0.3350,0.3350,0.3349,0.3350,49989.2,1661709899999,16746.04931,73,46662.3,15631.87050,0
1661709900000,0.3349,0.3352,0.3349,0.3352,175944.3,1661709959999,58949.19237,144,168135.7,56333.92165,0
1661709960000,0.3352,0.3352,0.3350,0.3351,123712.8,1661710019999,41453.88658,109,30999.8,10388.23218,0
1661710020000,0.3351,0.3351,0.3349,0.3350,161592.2,1661710079999,54137.64869,148,75311.7,25235.74858,0
1661710080000,0.3350,0.3352,0.3349,0.3352,221387.0,1661710139999,74175.41772,155,144382.0,48377.93607,0
1661710140000,0.3351,0.3352,0.3349,0.3350,749945.9,1661710199999,251263.13830,257,197194.0,66074.61437,0
1661710200000,0.3351,0.3352,0.3349,0.3351,227838.5,1661710259999,76335.98752,157,101554.9,34026.93060,0
1661710260000,0.3350,0.3354,0.3350,0.3353,526690.9,1661710319999,176579.78122,236,411318.1,137901.54062,0
1661710320000,0.3353,0.3354,0.3353,0.3353,182910.5,1661710379999,61336.15495,158,62643.0,21010.46220,0
1661710380000,0.3352,0.3353,0.3351,0.3352,186801.1,1661710439999,62620.58125,130,84928.7,28473.09765,0
1661710440000,0.3352,0.3353,0.3350,0.3351,121575.4,1661710499999,40745.68179,152,61587.2,20640.95583,0
1661710500000,0.3352,0.3353,0.3350,0.3351,269563.6,1661710559999,90344.10700,190,96348.5,32296.80861,0
1661710560000,0.3350,0.3351,0.3347,0.3348,602668.5,1661710619999,201851.52289,215,136191.7,45603.27925,0
1661710620000,0.3348,0.3349,0.3346,0.3347,309455.7,1661710679999,103575.56329,162,195681.7,65494.68969,0
1661710680000,0.3347,0.3347,0.3346,0.3347,60217.6,1661710739999,20150.33223,78,15232.7,5098.38469,0
1661710740000,0.3347,0.3348,0.3345,0.3348,665092.5,1661710799999,222546.55486,202,332516.5,111281.72998,0
1661710800000,0.3348,0.3352,0.3348,0.3352,252950.0,1661710859999,84704.49956,135,84646.6,28353.82579,0
1661710860000,0.3352,0.3354,0.3352,0.3352,192754.7,1661710919999,64618.93190,118,36118.1,12109.39250,0
1661710920000,0.3352,0.3354,0.3352,0.3354,29280.0,1661710979999,9817.10992,59,17396.3,5833.59886,0
1661710980000,0.3354,0.3357,0.3353,0.3354,336102.3,1661711039999,112762.37064,221,174109.5,58412.34523,0
1661711040000,0.3354,0.3355,0.3353,0.3355,125993.2,1661711099999,42260.52798,91,89307.5,29958.98108,0
1661711100000,0.3355,0.3357,0.3353,0.3354,861215.4,1661711159999,288957.99810,363,524340.5,175948.27300,0
1661711160000,0.3354,0.3354,0.3351,0.3353,127547.5,1661711219999,42761.31427,129,39164.7,13129.84726,0
1661711220000,0.3352,0.3354,0.3352,0.3353,90413.2,1661711279999,30313.99640,66,47599.9,15960.96038,0
1661711280000,0.3354,0.3354,0.3352,0.3352,280572.8,1661711339999,94061.01096,120,14747.5,4945.28004,0
1661711340000,0.3353,0.3354,0.3352,0.3353,64644.2,1661711399999,21674.90889,64,29278.2,9817.03770,0
1661711400000,0.3353,0.3354,0.3351,0.3354,276419.0,1661711459999,92667.57792,182,181029.4,60690.36604,0
1661711460000,0.3353,0.3354,0.3353,0.3354,48547.8,1661711519999,16281.85553,56,37781.9,12672.04926,0
1661711520000,0.3353,0.3354,0.3352,0.3352,142179.9,1661711579999,47672.73830,85,11870.1,3980.06488,0
1661711580000,0.3352,0.3354,0.3352,0.3354,86072.0,1661711639999,28861.33165,105,71682.4,24036.67404,0
1661711640000,0.3353,0.3354,0.3353,0.3354,138190.0,1661711699999,46337.69730,92,25903.0,8687.86620,0
1661711700000,0.3353,0.3357,0.3353,0.3357,622323.1,1661711759999,208771.61139,194,488583.6,163918.93546,0
1661711760000,0.3357,0.3357,0.3354,0.3354,188522.3,1661711819999,63262.29494,130,83052.6,27870.73282,0
1661711820000,0.3354,0.3355,0.3351,0.3352,279798.2,1661711879999,93802.42257,129,21309.9,7144.02867,0
1661711880000,0.3351,0.3354,0.3351,0.3353,119922.2,1661711939999,40203.51839,98,47735.4,16003.40128,0
1661711940000,0.3352,0.3354,0.3352,0.3353,53485.7,1661711999999,17931.41584,58,28601.8,9590.23486,0
1661712000000,0.3353,0.3355,0.3353,0.3355,51682.1,1661712059999,17335.76999,87,47840.0,16047.43544,0
1661712060000,0.3354,0.3356,0.3354,0.3355,94945.7,1661712119999,31854.52258,78,60001.2,20133.69343,0
1661712120000,0.3355,0.3356,0.3353,0.3353,177899.0,1661712179999,59687.26955,170,62446.0,20956.80762,0
1661712180000,0.3353,0.3355,0.3353,0.3355,64179.4,1661712239999,21526.16874,85,47129.8,15808.35426,0
1661712240000,0.3355,0.3355,0.3352,0.3353,154644.9,1661712299999,51850.27316,109,9645.8,3234.35056,0
1661712300000,0.3353,0.3356,0.3353,0.3356,197056.8,1661712359999,66096.27522,130,130438.6,43748.15911,0
1661712360000,0.3356,0.3357,0.3355,0.3357,95076.3,1661712419999,31906.87585,77,44079.1,14793.03888,0
1661712420000,0.3356,0.3359,0.3355,0.3356,269471.9,1661712479999,90463.24321,235,95006.2,31895.32962,0
1661712480000,0.3355,0.3355,0.3354,0.3355,51826.0,1661712539999,17386.97279,98,13843.2,4644.39360,0
1661712540000,0.3354,0.3355,0.3353,0.3353,88011.6,1661712599999,29519.75386,101,11493.2,3855.94877,0
1661712600000,0.3354,0.3354,0.3351,0.3353,162271.4,1661712659999,54392.27830,181,66557.0,22311.22371,0
1661712660000,0.3353,0.3353,0.3350,0.3352,236605.9,1661712719999,79304.71941,160,110317.1,36979.35284,0
1661712720000,0.3353,0.3353,0.3352,0.3353,37594.5,1661712779999,12603.31394,54,16375.4,5490.67162,0
1661712780000,0.3352,0.3355,0.3352,0.3354,277672.0,1661712839999,93110.24104,99,272620.8,91416.50532,0
1661712840000,0.3354,0.3354,0.3352,0.3352,148675.2,1661712899999,49861.03964,100,349.9,117.35646,0
1661712900000,0.3353,0.3353,0.3351,0.3351,49034.4,1661712959999,16438.57088,67,25852.6,8668.27452,0
1661712960000,0.3351,0.3353,0.3351,0.3352,71024.7,1661713019999,23807.50249,80,54480.0,18262.24347,0
1661713020000,0.3352,0.3354,0.3352,0.3353,56212.7,1661713079999,18849.88480,60,41503.6,13918.30324,0
1661713080000,0.3354,0.3355,0.3353,0.3354,86253.0,1661713139999,28928.00090,76,36941.5,12390.25353,0
1661713140000,0.3353,0.3354,0.3353,0.3353,37188.0,1661713199999,12470.70736,62,15709.6,5268.99984,0
1661713200000,0.3353,0.3354,0.3352,0.3353,281525.4,1661713259999,94397.29038,242,133405.5,44733.75212,0
1661713260000,0.3352,0.3354,0.3352,0.3354,164465.2,1661713319999,55151.65192,84,149423.2,50108.07998,0
1661713320000,0.3354,0.3354,0.3351,0.3352,250075.1,1661713379999,83834.86648,173,94132.0,31556.27162,0
1661713380000,0.3352,0.3354,0.3352,0.3354,121340.1,1661713439999,40680.90574,113,44924.7,15063.89419,0
1661713440000,0.3354,0.3356,0.3354,0.3355,120951.5,1661713499999,40576.18613,79,108827.3,36508.51703,0
1661713500000,0.3355,0.3356,0.3354,0.3355,103387.8,1661713559999,34686.55832,72,10902.5,3657.81168,0
1661713560000,0.3354,0.3355,0.3352,0.3353,136769.7,1661713619999,45864.48312,114,53647.8,17988.53098,0
1661713620000,0.3353,0.3356,0.3352,0.3355,180669.6,1661713679999,60597.90895,135,158469.2,53153.05674,0
1661713680000,0.3356,0.3356,0.3354,0.3356,121344.4,1661713739999,40719.13616,132,44235.3,14845.22927,0
1661713740000,0.3356,0.3359,0.3356,0.3359,261098.9,1661713799999,87664.75857,157,160168.1,53773.07482,0
1661713800000,0.3359,0.3359,0.3358,0.3359,40430.8,1661713859999,13579.03638,55,23737.4,7973.39266,0
1661713860000,0.3359,0.3359,0.3355,0.3355,61890.0,1661713919999,20778.24766,114,7194.8,2414.72578,0
1661713920000,0.3356,0.3356,0.3355,0.3355,41936.0,1661713979999,14072.83227,62,33042.7,11089.13012,0
1661713980000,0.3355,0.3357,0.3355,0.3357,75704.9,1661714039999,25404.62154,54,21956.5,7368.82117,0
1661714040000,0.3357,0.3358,0.3356,0.3356,205652.6,1661714099999,69037.49471,153,43998.0,14770.25004,0
1661714100000,0.3356,0.3357,0.3356,0.3356,30138.2,1661714159999,10116.96865,72,25887.3,8690.36661,0
1661714160000,0.3356,0.3359,0.3356,0.3359,74349.5,1661714219999,24965.18729,62,63960.1,21476.66510,0
1661714220000,0.3359,0.3359,0.3356,0.3357,388586.4,1661714279999,130465.59853,157,159819.3,53652.50447,0
1661714280000,0.3357,0.3358,0.3357,0.3358,43142.6,1661714339999,14485.86968,51,28988.6,9734.37188,0
1661714340000,0.3357,0.3360,0.3357,0.3359,296299.2,1661714399999,99509.26907,167,97968.8,32904.46524,0
1661714400000,0.3358,0.3359,0.3356,0.3356,107382.4,1661714459999,36056.04731,119,30648.1,10291.37481,0
1661714460000,0.3356,0.3358,0.3356,0.3356,175306.2,1661714519999,58849.06060,89,53739.6,18040.47900,0
1661714520000,0.3356,0.3358,0.3356,0.3357,167612.8,1661714579999,56266.98624,85,41129.2,13807.09057,0
1661714580000,0.3356,0.3357,0.3355,0.3355,32376.7,1661714639999,10865.35551,70,3627.4,1217.56168,0
1661714640000,0.3355,0.3357,0.3355,0.3357,66972.0,1661714699999,22476.82837,51,57509.1,19301.08283,0
1661714700000,0.3356,0.3357,0.3356,0.3356,12309.1,1661714759999,4131.03762,17,1036.6,347.98662,0
1661714760000,0.3357,0.3357,0.3356,0.3357,183638.9,1661714819999,61630.14520,101,55099.6,18492.35612,0
1661714820000,0.3357,0.3357,0.3354,0.3354,70244.3,1661714879999,23566.88280,83,3554.9,1193.14771,0
1661714880000,0.3355,0.3355,0.3354,0.3354,15444.9,1661714939999,5181.11323,27,8937.7,2998.59835,0
1661714940000,0.3354,0.3355,0.3352,0.3355,412453.2,1661714999999,138291.23664,186,144844.0,48572.59140,0
1661715000000,0.3354,0.3355,0.3352,0.3352,362778.7,1661715059999,121651.07449,192,96988.7,32530.90511,0
1661715060000,0.3352,0.3352,0.3347,0.3347,1029165.6,1661715119999,344643.38871,455,303708.1,101708.32746,0
1661715120000,0.3347,0.3348,0.3346,0.3347,154423.8,1661715179999,51689.49333,95,96951.4,32454.93056,0
1661715180000,0.3346,0.3347,0.3344,0.3347,389906.7,1661715239999,130442.38688,222,280148.5,93729.13851,0
1661715240000,0.3346,0.3347,0.3345,0.3345,106819.5,1661715299999,35742.94600,62,21938.5,7342.81151,0
1661715300000,0.3346,0.3347,0.3344,0.3345,172211.4,1661715359999,57621.17042,122,92129.5,30829.59071,0
1661715360000,0.3344,0.3344,0.3338,0.3339,1228405.6,1661715419999,410319.96763,554,395347.0,132064.97784,0
1661715420000,0.3340,0.3340,0.3337,0.3339,658214.9,1661715479999,219712.43477,253,193545.8,64617.34809,0
1661715480000,0.3340,0.3340,0.3339,0.3340,81752.5,1661715539999,27304.36132,65,72015.7,24053.24380,0
1661715540000,0.3340,0.3340,0.3339,0.3340,28099.3,1661715599999,9384.18835,40,18320.8,6119.14720,0
1661715600000,0.3340,0.3341,0.3339,0.3340,192362.3,1661715659999,64255.51715,127,157808.8,52714.79714,0
1661715660000,0.3340,0.3341,0.3339,0.3339,101641.7,1661715719999,33946.50774,83,25999.9,8684.14523,0
1661715720000,0.3339,0.3344,0.3339,0.3343,378368.9,1661715779999,126462.60127,191,344879.2,115271.11891,0
1661715780000,0.3343,0.3344,0.3342,0.3344,304738.6,1661715839999,101869.08028,163,121350.2,40567.70742,0
1661715840000,0.3343,0.3344,0.3341,0.3341,234280.3,1661715899999,78298.22749,100,82569.7,27594.91647,0
1661715900000,0.3341,0.3342,0.3341,0.3341,30908.7,1661715959999,10328.07297,75,14763.0,4933.79460,0
1661715960000,0.3342,0.3344,0.3341,0.3343,146316.1,1661716019999,48904.60031,118,112389.9,37566.19539,0
1661716020000,0.3344,0.3345,0.3343,0.3343,143051.3,1661716079999,47834.05036,104,58595.4,19594.31073,0
1661716080000,0.3344,0.3344,0.3341,0.3342,249319.4,1661716139999,83340.43398,146,128702.4,43023.26161,0
1661716140000,0.3343,0.3343,0.3342,0.3342,54568.1,1661716199999,18239.20537,48,25463.5,8512.44805,0
1661716200000,0.3341,0.3343,0.3341,0.3343,93667.4,1661716259999,31304.21800,80,75882.8,25361.11606,0
1661716260000,0.3342,0.3343,0.3341,0.3341,222838.9,1661716319999,74476.42145,101,112771.5,37698.61740,0
1661716320000,0.3341,0.3342,0.3341,0.3341,24046.9,1661716379999,8034.25651,29,1872.2,625.68924,0
1661716380000,0.3341,0.3342,0.3341,0.3342,18876.4,1661716439999,6308.03174,24,14265.0,4767.36300,0
1661716440000,0.3342,0.3344,0.3340,0.3343,295762.7,1661716499999,98833.96259,154,169410.6,56620.96542,0
1661716500000,0.3344,0.3344,0.3341,0.3342,293773.1,1661716559999,98191.83987,158,89150.5,29798.44534,0
1661716560000,0.3342,0.3346,0.3342,0.3345,154236.4,1661716619999,51587.23516,119,88826.0,29709.52816,0
1661716620000,0.3345,0.3347,0.3345,0.3346,92879.6,1661716679999,31076.60484,60,71244.4,23837.46692,0
1661716680000,0.3346,0.3347,0.3345,0.3346,111949.4,1661716739999,37457.58255,108,22420.7,7502.29460,0
1661716740000,0.3346,0.3346,0.3342,0.3343,204542.6,1661716799999,68392.23111,117,35243.1,11782.79263,0
1661716800000,0.3342,0.3343,0.3341,0.3342,200225.7,1661716859999,66908.05564,174,79397.0,26534.55854,0
1661716860000,0.3341,0.3346,0.3341,0.3346,348768.3,1661716919999,116604.31712,220,274309.4,91723.76342,0
1661716920000,0.3345,0.3349,0.3345,0.3348,324019.2,1661716979999,108440.03181,199,160392.4,53681.73962,0
1661716980000,0.3348,0.3348,0.3346,0.3347,204799.2,1661717039999,68548.39208,141,46266.7,15488.33212,0
1661717040000,0.3347,0.3349,0.3346,0.3349,99116.2,1661717099999,33180.71390,150,94724.9,31711.09292,0
1661717100000,0.3349,0.3350,0.3348,0.3349,286710.9,1661717159999,96020.76641,187,96087.1,32184.49392,0
1661717160000,0.3349,0.3350,0.3347,0.3348,229894.1,1661717219999,76974.89272,153,127360.0,42644.49128,0
1661717220000,0.3348,0.3350,0.3348,0.3349,185280.5,1661717279999,62039.91515,130,61383.8,20558.17813,0
1661717280000,0.3349,0.3351,0.3348,0.3351,237611.8,1661717339999,79593.16076,213,195237.8,65401.88050,0
1661717340000,0.3350,0.3352,0.3350,0.3351,247671.5,1661717399999,82991.20049,174,154844.0,51888.55295,0
1661717400000,0.3351,0.3354,0.3351,0.3352,675904.0,1661717459999,226610.34062,279,469418.1,157383.01698,0
1661717460000,0.3352,0.3356,0.3352,0.3354,966202.9,1661717519999,324129.82699,382,506804.8,170015.51044,0
1661717520000,0.3354,0.3356,0.3354,0.3355,543410.9,1661717579999,182313.85891,275,346141.9,116136.28789,0
1661717580000,0.3355,0.3357,0.3355,0.3355,336164.9,1661717639999,112815.00870,219,257880.3,86544.98929,0
1661717640000,0.3355,0.3356,0.3353,0.3353,437146.0,1661717699999,146661.58747,269,79657.5,26732.34519,0
1661717700000,0.3353,0.3354,0.3352,0.3352,629306.2,1661717759999,210996.43136,292,353770.0,118620.54511,0
1661717760000,0.3352,0.3354,0.3352,0.3353,125218.7,1661717819999,41988.18532,99,85190.6,28568.26710,0
1661717820000,0.3354,0.3357,0.3353,0.3354,956303.7,1661717879999,320811.76910,336,363460.8,121938.44050,0
1661717880000,0.3354,0.3354,0.3349,0.3351,324364.5,1661717939999,108700.90286,193,114292.9,38301.58626,0
1661717940000,0.3350,0.3352,0.3350,0.3352,98203.1,1661717999999,32911.38011,86,53333.6,17875.93032,0
1661718000000,0.3352,0.3352,0.3349,0.3350,272160.7,1661718059999,91190.07854,182,144888.8,48548.72509,0
1661718060000,0.3350,0.3351,0.3348,0.3351,466443.3,1661718119999,156225.41299,186,210255.1,70432.40288,0
1661718120000,0.3351,0.3351,0.3349,0.3349,306122.2,1661718179999,102553.10016,104,46772.5,15671.04367,0
1661718180000,0.3349,0.3355,0.3349,0.3354,405970.9,1661718239999,136112.47600,220,262403.9,87963.70473,0
1661718240000,0.3354,0.3354,0.3352,0.3353,232121.9,1661718299999,77832.34906,103,89560.6,30031.66893,0
1661718300000,0.3354,0.3356,0.3353,0.3355,251151.9,1661718359999,84244.94136,133,199792.1,67019.89657,0
1661718360000,0.3356,0.3357,0.3355,0.3355,301172.6,1661718419999,101057.41730,153,71661.2,24052.41766,0
1661718420000,0.3355,0.3356,0.3354,0.3354,177023.2,1661718479999,59388.64205,121,91934.9,30845.43663,0
1661718480000,0.3355,0.3355,0.3349,0.3349,304492.4,1661718539999,102040.19289,202,89364.3,29948.88572,0
1661718540000,0.3350,0.3350,0.3349,0.3349,64239.2,1661718599999,21516.51436,95,28062.8,9401.03800,0
1661718600000,0.3350,0.3352,0.3349,0.3351,210629.2,1661718659999,70567.55241,227,153207.1,51331.29423,0
1661718660000,0.3352,0.3355,0.3351,0.3352,762176.7,1661718719999,255580.19078,289,551624.6,184984.46816,0
1661718720000,0.3352,0.3353,0.3350,0.3350,160642.1,1661718779999,53836.84286,156,29797.9,9986.76691,0
1661718780000,0.3351,0.3352,0.3350,0.3351,257706.1,1661718839999,86371.07439,219,220687.3,73966.22979,0
1661718840000,0.3352,0.3353,0.3349,0.3352,353440.2,1661718899999,118440.54703,242,160682.6,53852.14432,0
1661718900000,0.3353,0.3357,0.3353,0.3355,331718.4,1661718959999,111317.35483,240,117681.7,39490.60428,0
1661718960000,0.3355,0.3356,0.3354,0.3354,132832.7,1661719019999,44561.48877,137,54820.7,18392.36871,0
1661719020000,0.3354,0.3355,0.3353,0.3354,203128.2,1661719079999,68125.85209,136,38598.4,12946.52050,0
1661719080000,0.3354,0.3357,0.3354,0.3355,220769.5,1661719139999,74083.49884,175,133425.1,44776.20430,0
1661719140000,0.3355,0.3356,0.3354,0.3354,93436.4,1661719199999,31348.16558,128,6984.3,2343.93108,0
1661719200000,0.3355,0.3355,0.3354,0.3354,124794.9,1661719259999,41859.38961,122,31801.5,10669.40325,0
1661719260000,0.3354,0.3357,0.3354,0.3355,397436.6,1661719319999,133358.87669,253,227296.4,76270.36869,0
1661719320000,0.3354,0.3355,0.3354,0.3354,50608.9,1661719379999,16976.04984,93,18247.8,6122.13690,0
1661719380000,0.3354,0.3355,0.3352,0.3352,153860.2,1661719439999,51588.55516,138,15231.2,5107.55550,0
1661719440000,0.3353,0.3354,0.3352,0.3353,94559.4,1661719499999,31701.64987,136,43466.5,14574.84395,0
1661719500000,0.3353,0.3354,0.3350,0.3351,444817.4,1661719559999,149097.92488,272,199642.3,66916.70227,0
1661719560000,0.3351,0.3352,0.3351,0.3351,44161.2,1661719619999,14798.67390,91,2557.8,857.37456,0
1661719620000,0.3352,0.3352,0.3349,0.3350,445670.2,1661719679999,149350.74804,279,257665.3,86350.74312,0
1661719680000,0.3350,0.3351,0.3350,0.3351,66199.2,1661719739999,22179.61018,137,28781.8,9644.78118,0
1661719740000,0.3350,0.3352,0.3349,0.3351,334971.7,1661719799999,112239.69683,207,217492.7,72883.92196,0
1661719800000,0.3351,0.3352,0.3349,0.3350,199281.9,1661719859999,66766.53194,170,91774.0,30745.98700,0
1661719860000,0.3350,0.3351,0.3348,0.3350,273114.5,1661719919999,91490.23896,187,180635.8,60515.60237,0
1661719920000,0.3350,0.3352,0.3349,0.3349,198043.7,1661719979999,66352.11784,170,89933.9,30132.92993,0
1661719980000,0.3349,0.3350,0.3348,0.3348,79879.3,1661720039999,26751.40017,117,1691.0,566.48500,0
1661720040000,0.3348,0.3349,0.3348,0.3348,78073.6,1661720099999,26139.34228,129,3010.0,1008.04900,0
1661720100000,0.3349,0.3351,0.3347,0.3350,223023.6,1661720159999,74685.37946,178,155692.7,52139.51794,0
1661720160000,0.3350,0.3352,0.3349,0.3349,136997.7,1661720219999,45898.35049,150,59713.0,20005.75749,0
1661720220000,0.3349,0.3353,0.3349,0.3350,467927.5,1661720279999,156807.01008,204,289529.6,97016.07465,0
1661720280000,0.3350,0.3352,0.3349,0.3352,256224.9,1661720339999,85846.47831,114,253187.9,84829.11871,0
1661720340000,0.3352,0.3354,0.3351,0.3354,175011.5,1661720399999,58667.92762,119,90822.1,30448.78597,0
1661720400000,0.3353,0.3354,0.3349,0.3350,702720.9,1661720459999,235553.07806,271,241967.9,81108.55997,0
1661720460000,0.3350,0.3352,0.3349,0.3351,302794.1,1661720519999,101449.71497,193,287301.6,96260.87739,0
1661720520000,0.3351,0.3352,0.3351,0.3352,44773.0,1661720579999,15005.21070,46,17784.0,5961.19680,0
1661720580000,0.3351,0.3352,0.3349,0.3351,327735.4,1661720639999,109816.57050,215,222769.2,74645.61311,0
1661720640000,0.3351,0.3351,0.3349,0.3349,179653.6,1661720699999,60175.20240,103,18448.3,6181.71077,0
1661720700000,0.3349,0.3353,0.3349,0.3352,126396.9,1661720759999,42353.41952,166,98731.0,33085.48519,0
1661720760000,0.3352,0.3354,0.3352,0.3352,239845.2,1661720819999,80415.90346,176,46458.7,15578.13421,0
1661720820000,0.3352,0.3354,0.3352,0.3354,151600.4,1661720879999,50832.08089,102,111375.9,37345.00857,0
1661720880000,0.3354,0.3355,0.3353,0.3353,166051.3,1661720939999,55693.99495,109,56374.1,18908.36584,0
1661720940000,0.3354,0.3354,0.3353,0.3354,28091.2,1661720999999,9421.61932,66,26399.6,8854.42584,0
1661721000000,0.3353,0.3354,0.3353,0.3354,44945.8,1661721059999,15073.00532,82,26785.8,8983.95732,0
1661721060000,0.3353,0.3354,0.3353,0.3354,601192.5,1661721119999,201582.63199,213,365784.5,122650.32959,0
1661721120000,0.3354,0.3354,0.3353,0.3353,235837.9,1661721179999,79095.87381,110,194259.4,65154.60276,0
1661721180000,0.3354,0.3354,0.3353,0.3354,39319.6,1661721239999,13186.74872,67,28868.4,9682.46136,0
1661721240000,0.3353,0.3355,0.3353,0.3355,80338.8,1661721299999,26945.74938,116,74731.1,25065.47448,0
1661721300000,0.3354,0.3355,0.3354,0.3354,124379.3,1661721359999,41720.43489,125,36176.7,12137.28285,0
1661721360000,0.3355,0.3356,0.3354,0.3355,268384.7,1661721419999,90046.61950,111,251161.0,84268.56284,0
1661721420000,0.3356,0.3357,0.3355,0.3355,202928.2,1661721479999,68103.22095,159,112897.0,37892.52371,0
1661721480000,0.3356,0.3356,0.3354,0.3354,124950.0,1661721539999,41920.23396,98,36329.7,12189.46326,0
1661721540000,0.3354,0.3355,0.3354,0.3355,104027.5,1661721599999,34897.43040,75,66069.0,22166.14950,0
1661721600000,0.3355,0.3355,0.3354,0.3354,54211.6,1661721659999,18183.55639,76,9857.5,3307.19125,0
1661721660000,0.3355,0.3355,0.3354,0.3355,24838.7,1661721719999,8332.09377,57,11937.9,4005.16545,0
1661721720000,0.3354,0.3355,0.3353,0.3354,200969.6,1661721779999,67405.56939,132,152934.1,51294.52420,0
1661721780000,0.3355,0.3355,0.3353,0.3353,178539.9,1661721839999,59875.44058,125,65530.8,21979.17873,0
1661721840000,0.3353,0.3354,0.3353,0.3353,28824.2,1661721899999,9666.41146,44,16572.0,5558.24880,0
1661721900000,0.3354,0.3354,0.3352,0.3353,196752.8,1661721959999,65966.37825,150,50243.1,16846.68648,0
1661721960000,0.3354,0.3354,0.3353,0.3354,30884.3,1661722019999,10356.83446,54,13286.7,4456.35918,0
1661722020000,0.3353,0.3355,0.3353,0.3354,55762.7,1661722079999,18703.05738,86,38009.6,12748.96092,0
1661722080000,0.3354,0.3355,0.3353,0.3353,177256.7,1661722139999,59447.68747,114,34455.9,11559.84266,0
1661722140000,0.3354,0.3354,0.3352,0.3353,204399.7,1661722199999,68539.92267,126,101603.4,34073.79902,0
1661722200000,0.3354,0.3354,0.3352,0.3352,145866.8,1661722259999,48908.89884,173,58748.3,19698.83623,0
1661722260000,0.3353,0.3354,0.3352,0.3353,214685.9,1661722319999,71986.93976,119,63543.7,21309.34231,0
1661722320000,0.3354,0.3355,0.3353,0.3355,44429.9,1661722379999,14901.64755,63,38423.9,12887.73908,0
1661722380000,0.3355,0.3355,0.3354,0.3355,52609.9,1661722439999,17649.55519,75,41947.3,14073.31915,0
1661722440000,0.3355,0.3355,0.3354,0.3354,27150.8,1661722499999,9107.58105,38,12027.3,4035.15915,0
1661722500000,0.3355,0.3355,0.3354,0.3354,32144.5,1661722559999,10783.36691,66,21016.1,7050.90155,0
1661722560000,0.3355,0.3356,0.3354,0.3355,172669.3,1661722619999,57936.03127,116,98263.6,32973.12063,0
1661722620000,0.3356,0.3357,0.3355,0.3357,188190.8,1661722679999,63158.77298,145,65644.0,22032.17678,0
1661722680000,0.3357,0.3357,0.3354,0.3355,194365.0,1661722739999,65218.07442,111,61518.4,20641.19280,0
1661722740000,0.3355,0.3355,0.3353,0.3353,67195.0,1661722799999,22536.91089,68,3241.2,1087.25208,0
1661722800000,0.3353,0.3354,0.3350,0.3350,206562.2,1661722859999,69225.33796,157,12961.2,4343.55294,0
1661722860000,0.3351,0.3351,0.3349,0.3351,167503.4,1661722919999,56115.14656,145,121978.2,40864.75925,0
1661722920000,0.3350,0.3351,0.3349,0.3349,196077.1,1661722979999,65671.41528,92,1533.3,513.76122,0
1661722980000,0.3350,0.3350,0.3346,0.3346,164187.6,1661723039999,54961.97203,150,39793.0,13323.72653,0
1661723040000,0.3346,0.3347,0.3346,0.3346,59350.4,1661723099999,19861.06253,56,24186.9,8095.35543,0
1661723100000,0.3346,0.3347,0.3338,0.3341,1079023.2,1661723159999,360501.10610,634,507133.8,169412.25817,0
1661723160000,0.3341,0.3342,0.3339,0.3341,321088.4,1661723219999,107250.12132,195,118378.5,39543.63801,0
1661723220000,0.3340,0.3341,0.3335,0.3335,1042515.7,1661723279999,347884.17790,466,231939.4,77405.89766,0
1661723280000,0.3335,0.3338,0.3334,0.3338,530265.5,1661723339999,176901.44380,358,368318.8,122885.33251,0
1661723340000,0.3339,0.3339,0.3338,0.3339,92520.0,1661723399999,30891.40841,99,76388.9,25506.25371,0
1661723400000,0.3339,0.3340,0.3338,0.3338,190383.2,1661723459999,63571.41509,138,93063.0,31078.49205,0
1661723460000,0.3338,0.3342,0.3338,0.3341,867414.5,1661723519999,289706.92339,313,492235.3,164432.24704,0
1661723520000,0.3341,0.3341,0.3337,0.3340,371085.7,1661723579999,123906.13816,225,153796.0,51355.18842,0
1661723580000,0.3340,0.3342,0.3340,0.3342,174244.9,1661723639999,58207.79167,137,75429.7,25201.73632,0
1661723640000,0.3341,0.3342,0.3340,0.3341,147440.7,1661723699999,49262.17226,107,51810.4,17313.36441,0
1661723700000,0.3341,0.3341,0.3340,0.3341,60978.3,1661723759999,20371.46520,54,47130.0,15746.13300,0
1661723760000,0.3341,0.3342,0.3339,0.3339,243558.8,1661723819999,81366.29338,174,118361.7,39543.90072,0
1661723820000,0.3339,0.3341,0.3339,0.3341,174879.3,1661723879999,58403.78366,132,97492.9,32564.19355,0
1661723880000,0.3340,0.3342,0.3340,0.3342,148370.0,1661723939999,49573.41980,79,121498.9,40598.27986,0
1661723940000,0.3342,0.3343,0.3340,0.3341,168992.0,1661723999999,56465.97735,138,48013.1,16046.17267,0
1661724000000,0.3340,0.3340,0.3333,0.3336,1830412.3,1661724059999,610557.53766,703,829859.8,276798.40820,0
1661724060000,0.3335,0.3341,0.3335,0.3338,1078481.3,1661724119999,359989.06361,415,537599.6,179465.05788,0
1661724120000,0.3337,0.3338,0.3332,0.3333,523432.5,1661724179999,174550.97187,262,131389.4,43817.93113,0
1661724180000,0.3332,0.3334,0.3322,0.3329,3470123.6,1661724239999,1154769.56208,1638,1164987.6,387765.26077,0
1661724240000,0.3328,0.3332,0.3326,0.3328,783489.4,1661724299999,260799.25398,417,363348.6,120963.23818,0
1661724300000,0.3327,0.3329,0.3317,0.3317,2896641.9,1661724359999,962117.97394,1288,919790.0,305588.34948,0
1661724360000,0.3318,0.3323,0.3315,0.3316,2070635.6,1661724419999,687162.00348,960,1016729.5,337454.67380,0
1661724420000,0.3317,0.3320,0.3315,0.3318,1990802.9,1661724479999,660305.71559,688,957705.8,317681.78443,0
1661724480000,0.3318,0.3326,0.3318,0.3325,1302020.5,1661724539999,432466.76876,783,709409.2,235669.23344,0
1661724540000,0.3326,0.3328,0.3322,0.3323,724392.8,1661724599999,240853.14376,417,252784.1,84054.39403,0
1661724600000,0.3323,0.3330,0.3323,0.3329,732205.3,1661724659999,243536.54957,435,465691.0,154873.80513,0
1661724660000,0.3328,0.3332,0.3328,0.3331,700797.0,1661724719999,233378.02370,406,381355.7,127000.56436,0
1661724720000,0.3331,0.3342,0.3330,0.3339,2804318.9,1661724779999,935746.88646,1161,1411745.2,470980.04732,0
1661724780000,0.3339,0.3341,0.3336,0.3340,1281545.3,1661724839999,427896.53829,485,715661.2,238983.34765,0
1661724840000,0.3340,0.3340,0.3334,0.3334,763151.6,1661724899999,254723.23015,345,292941.6,97791.91610,0
1661724900000,0.3334,0.3337,0.3334,0.3335,717266.9,1661724959999,239255.86804,330,268308.0,89504.99483,0
1661724960000,0.3335,0.3337,0.3334,0.3335,731134.8,1661725019999,243870.85733,275,400302.2,133525.33863,0
1661725020000,0.3334,0.3335,0.3331,0.3331,827152.4,1661725079999,275731.41235,325,349147.5,116397.70018,0
1661725080000,0.3331,0.3333,0.3322,0.3323,1498517.1,1661725139999,498546.27956,600,322359.3,107196.25700,0
1661725140000,0.3323,0.3327,0.3322,0.3325,1234864.2,1661725199999,410550.88251,394,738807.5,245620.35802,0
1661725200000,0.3326,0.3326,0.3321,0.3322,605864.1,1661725259999,201321.66748,218,179600.7,59670.51262,0
1661725260000,0.3323,0.3323,0.3318,0.3319,809162.4,1661725319999,268638.89535,344,291671.0,96844.50931,0
1661725320000,0.3320,0.3321,0.3316,0.3320,792801.2,1661725379999,263083.92170,334,395029.8,131102.98922,0
1661725380000,0.3321,0.3323,0.3320,0.3321,618471.5,1661725439999,205403.85941,285,380770.8,126448.32866,0
1661725440000,0.3322,0.3322,0.3315,0.3319,1711487.8,1661725499999,567855.70714,600,637539.7,211521.47480,0
1661725500000,0.3319,0.3320,0.3315,0.3319,783945.1,1661725559999,260119.33965,292,275221.9,91310.81850,0
1661725560000,0.3320,0.3326,0.3319,0.3320,1253086.5,1661725619999,416378.01595,499,640872.2,212974.71338,0
1661725620000,0.3320,0.3323,0.3317,0.3318,1054396.4,1661725679999,350096.08969,451,451720.8,150016.62264,0
1661725680000,0.3317,0.3317,0.3285,0.3299,12802722.0,1661725739999,4223770.08957,5256,4583495.9,1511312.47171,0
1661725740000,0.3300,0.3307,0.3293,0.3302,4246973.8,1661725799999,1400725.21193,1871,1801218.1,594137.02585,0
1661725800000,0.3303,0.3308,0.3301,0.3307,2940489.2,1661725859999,971733.66186,907,1437923.0,475215.16504,0
1661725860000,0.3307,0.3309,0.3305,0.3308,1076343.5,1661725919999,355998.89991,510,534863.6,176911.22899,0
1661725920000,0.3308,0.3312,0.3307,0.3309,892744.1,1661725979999,295488.47427,566,546927.6,181029.11100,0
1661725980000,0.3310,0.3310,0.3302,0.3303,1290188.8,1661726039999,426506.33599,536,483822.2,159940.56951,0
1661726040000,0.3304,0.3308,0.3303,0.3307,808411.7,1661726099999,267186.26116,361,515037.4,170237.23174,0
1661726100000,0.3308,0.3309,0.3304,0.3304,1030504.0,1661726159999,340726.81626,361,403947.3,133573.17835,0
1661726160000,0.3305,0.3307,0.3301,0.3306,1605804.5,1661726219999,530531.99716,578,722711.2,238786.98040,0
1661726220000,0.3306,0.3307,0.3303,0.3306,1263653.1,1661726279999,417698.48086,436,672655.0,222349.00119,0
1661726280000,0.3306,0.3309,0.3306,0.3308,497873.0,1661726339999,164706.04045,203,276163.2,91360.49266,0
1661726340000,0.3308,0.3310,0.3307,0.3310,599320.8,1661726399999,198315.55504,259,476805.2,157778.56708,0
1661726400000,0.3311,0.3312,0.3308,0.3310,795051.0,1661726459999,263214.22219,327,430856.1,142651.47412,0
1661726460000,0.3309,0.3311,0.3308,0.3310,1184332.9,1661726519999,391948.66813,332,612746.7,202788.52537,0
1661726520000,0.3311,0.3313,0.3309,0.3312,657247.0,1661726579999,217619.64137,339,237518.6,78652.57123,0
1661726580000,0.3312,0.3314,0.3310,0.3312,370981.5,1661726639999,122870.57500,186,134431.1,44525.44776,0
1661726640000,0.3312,0.3313,0.3310,0.3313,145567.2,1661726699999,48202.41638,117,82423.3,27295.22897,0
1661726700000,0.3313,0.3315,0.3311,0.3312,795329.8,1661726759999,263509.92776,403,610625.4,202324.66836,0
1661726760000,0.3313,0.3313,0.3307,0.3309,1079188.6,1661726819999,357133.31021,382,294354.2,97374.66005,0
1661726820000,0.3308,0.3310,0.3306,0.3306,617420.2,1661726879999,204247.96549,250,187474.0,62039.57350,0
1661726880000,0.3307,0.3311,0.3306,0.3310,1731362.3,1661726939999,572925.80968,459,847569.6,280473.34588,0
1661726940000,0.3309,0.3309,0.3306,0.3308,617650.4,1661726999999,204264.96490,229,112891.1,37335.52938,0
1661727000000,0.3307,0.3309,0.3306,0.3306,593383.3,1661727059999,196248.03510,257,312549.5,103376.87472,0
1661727060000,0.3305,0.3306,0.3301,0.3303,751994.0,1661727119999,248402.94279,323,315132.1,104085.17181,0
1661727120000,0.3303,0.3307,0.3303,0.3305,539840.3,1661727179999,178429.41089,218,278026.4,91891.55820,0
1661727180000,0.3305,0.3309,0.3305,0.3306,445381.6,1661727239999,147281.42595,238,226687.4,74962.99571,0
1661727240000,0.3306,0.3308,0.3304,0.3307,340151.9,1661727299999,112461.95124,166,129537.7,42826.01525,0
1661727300000,0.3308,0.3309,0.3305,0.3306,439689.9,1661727359999,145411.81514,158,41780.3,13820.79268,0
1661727360000,0.3306,0.3308,0.3305,0.3307,146573.1,1661727419999,48458.74387,122,130476.7,43136.75347,0
1661727420000,0.3308,0.3310,0.3308,0.3309,434164.1,1661727479999,143661.45891,186,169240.6,56001.35644,0
1661727480000,0.3309,0.3310,0.3307,0.3308,376261.5,1661727539999,124484.91595,166,177275.5,58658.27553,0
1661727540000,0.3307,0.3308,0.3302,0.3303,583190.5,1661727599999,192691.21419,219,162997.4,53843.28837,0
1661727600000,0.3303,0.3303,0.3295,0.3297,2784008.4,1661727659999,918645.90217,1013,715889.7,236199.85790,0
1661727660000,0.3297,0.3303,0.3297,0.3301,829812.9,1661727719999,273796.83585,366,625045.2,206235.65440,0
1661727720000,0.3301,0.3301,0.3291,0.3292,1966352.4,1661727779999,647923.61267,691,827140.3,272501.82240,0
1661727780000,0.3292,0.3293,0.3285,0.3290,2978240.9,1661727839999,979401.36905,1443,1392726.0,458021.28226,0
1661727840000,0.3291,0.3294,0.3287,0.3289,1091098.6,1661727899999,359067.03056,496,399332.4,131460.01967,0
1661727900000,0.3289,0.3291,0.3287,0.3290,636813.5,1661727959999,209462.04803,323,342458.4,112649.44304,0
1661727960000,0.3290,0.3295,0.3289,0.3294,809430.6,1661728019999,266577.01178,458,494446.0,162839.14516,0
1661728020000,0.3294,0.3299,0.3294,0.3296,521158.1,1661728079999,171806.73500,382,423341.0,139568.48190,0
1661728080000,0.3296,0.3299,0.3296,0.3296,591135.7,1661728139999,194928.08402,269,249014.2,82114.85782,0
1661728140000,0.3297,0.3297,0.3289,0.3290,1630389.1,1661728199999,536751.20892,472,463801.8,152676.33821,0
1661728200000,0.3291,0.3292,0.3288,0.3289,725882.1,1661728259999,238823.83650,285,330361.6,108688.66637,0
1661728260000,0.3289,0.3289,0.3284,0.3287,1561280.2,1661728319999,513048.70361,652,588287.7,193315.83373,0
1661728320000,0.3287,0.3292,0.3287,0.3292,905447.4,1661728379999,297944.93896,363,583612.4,192037.40756,0
1661728380000,0.3293,0.3295,0.3292,0.3294,708161.6,1661728439999,233262.47073,351,359789.8,118524.18008,0
1661728440000,0.3294,0.3294,0.3290,0.3291,573707.8,1661728499999,188890.67499,254,148134.6,48776.44593,0
1661728500000,0.3291,0.3302,0.3291,0.3302,1462073.3,1661728559999,481969.79211,568,1051901.9,346710.84695,0
1661728560000,0.3302,0.3302,0.3299,0.3301,569306.7,1661728619999,187885.69056,214,160097.7,52834.41515,0
1661728620000,0.3301,0.3301,0.3297,0.3298,428128.4,1661728679999,141248.57076,267,272306.7,89847.67402,0
1661728680000,0.3298,0.3298,0.3292,0.3294,853810.5,1661728739999,281296.87406,367,197904.9,65187.59949,0
1661728740000,0.3294,0.3296,0.3291,0.3295,333836.2,1661728799999,109936.44262,174,221054.5,72804.64301,0
1661728800000,0.3295,0.3295,0.3293,0.3295,223831.3,1661728859999,73728.52582,163,66844.3,22019.49049,0
1661728860000,0.3294,0.3296,0.3293,0.3295,222038.6,1661728919999,73148.57582,164,67477.3,22233.35064,0
1661728920000,0.3294,0.3296,0.3293,0.3293,345088.4,1661728979999,113685.42040,184,107332.1,35359.39725,0
1661728980000,0.3293,0.3293,0.3282,0.3283,1406422.8,1661729039999,462185.98844,694,283806.1,93257.76846,0
1661729040000,0.3283,0.3284,0.3214,0.3247,34588141.3,1661729099999,11236996.57373,13201,12819340.1,4163725.44623,0
1661729100000,0.3248,0.3256,0.3219,0.3229,17664748.2,1661729159999,5714552.32544,5353,7728721.2,2500557.73884,0
1661729160000,0.3230,0.3242,0.3224,0.3242,7968603.4,1661729219999,2575087.32515,2528,4225927.8,1365893.87557,0
1661729220000,0.3242,0.3249,0.3239,0.3246,5996573.0,1661729279999,1945558.65739,1901,2886604.4,936572.83037,0
1661729280000,0.3245,0.3250,0.3241,0.3242,3873274.3,1661729339999,1256883.80613,1153,1740790.2,564889.35277,0
1661729340000,0.3241,0.3252,0.3241,0.3244,4521458.8,1661729399999,1467718.50537,1140,2425372.1,787238.58485,0
1661729400000,0.3244,0.3253,0.3240,0.3252,5196989.6,1661729459999,1686152.07423,1582,2313028.7,750691.26835,0
1661729460000,0.3252,0.3254,0.3240,0.3244,3312775.8,1661729519999,1076300.30285,1060,1720988.3,559105.96357,0
1661729520000,0.3244,0.3251,0.3237,0.3244,3421638.8,1661729579999,1110221.39178,1065,1576443.7,511451.50327,0
1661729580000,0.3245,0.3253,0.3245,0.3248,3287210.0,1661729639999,1067795.68624,979,1159090.5,376513.98363,0
1661729640000,0.3248,0.3253,0.3241,0.3244,5241705.3,1661729699999,1702126.65606,1217,2407415.9,781767.42147,0
1661729700000,0.3244,0.3250,0.3244,0.3248,2883968.9,1661729759999,936458.12277,814,1448601.5,470363.09822,0
1661729760000,0.3248,0.3253,0.3246,0.3246,1795102.8,1661729819999,583549.66614,621,911375.4,296299.23028,0
1661729820000,0.3246,0.3251,0.3245,0.3247,1625066.0,1661729879999,527775.97745,516,822809.1,267222.62574,0
1661729880000,0.3248,0.3252,0.3246,0.3246,1284368.9,1661729939999,417361.19431,451,682907.3,221934.95108,0
1661729940000,0.3247,0.3247,0.3239,0.3246,2475237.0,1661729999999,802763.36143,767,1169475.3,379272.61878,0
1661730000000,0.3245,0.3251,0.3244,0.3246,1320818.9,1661730059999,428850.81097,507,630205.2,204635.13743,0
1661730060000,0.3245,0.3250,0.3244,0.3245,1963787.7,1661730119999,637687.61500,669,828099.3,268932.74062,0
1661730120000,0.3245,0.3248,0.3239,0.3241,1369334.2,1661730179999,444227.11477,537,655613.1,212665.00111,0
1661730180000,0.3241,0.3244,0.3239,0.3240,1825484.7,1661730239999,591686.05433,615,876580.8,284136.30078,0
1661730240000,0.3240,0.3242,0.3231,0.3240,3403275.9,1661730299999,1101729.80312,1079,1510950.6,489337.45377,0
1661730300000,0.3241,0.3241,0.3234,0.3240,2701341.5,1661730359999,874763.38425,869,1496536.6,484620.11068,0
1661730360000,0.3240,0.3242,0.3235,0.3242,1933597.0,1661730419999,626080.94818,672,981854.5,317936.93955,0
1661730420000,0.3241,0.3244,0.3234,0.3238,2784536.2,1661730479999,902126.19223,785,1094606.5,354535.55433,0
1661730480000,0.3237,0.3241,0.3233,0.3234,998908.6,1661730539999,323541.30352,462,286083.7,92668.12514,0
1661730540000,0.3233,0.3235,0.3229,0.3230,1880144.4,1661730599999,607648.97989,683,744855.1,240749.63641,0
1661730600000,0.3229,0.3233,0.3226,0.3229,2838904.4,1661730659999,916589.18921,878,1345741.5,434524.75892,0
1661730660000,0.3229,0.3235,0.3228,0.3228,1680965.0,1661730719999,543311.94503,567,607180.5,196230.63886,0
1661730720000,0.3227,0.3231,0.3224,0.3228,3217852.2,1661730779999,1038457.60130,994,1648816.9,532146.63277,0
1661730780000,0.3229,0.3234,0.3229,0.3230,1226475.2,1661730839999,396319.88143,436,398656.5,128820.49468,0
1661730840000,0.3230,0.3231,0.3211,0.3213,4389531.4,1661730899999,1413426.35196,1834,1587493.9,511228.36914,0
1661730900000,0.3213,0.3220,0.3213,0.3218,3912959.1,1661730959999,1258574.53353,1153,1961964.6,631025.59215,0
1661730960000,0.3218,0.3219,0.3211,0.3219,3411398.4,1661731019999,1096782.39669,983,1639710.1,527168.34761,0
1661731020000,0.3219,0.3220,0.3213,0.3216,2012734.3,1661731079999,647516.05600,705,944559.9,303879.92570,0
1661731080000,0.3216,0.3221,0.3215,0.3217,1483751.0,1661731139999,477547.38001,493,552221.7,177737.63687,0
1661731140000,0.3217,0.3224,0.3215,0.3223,1508155.3,1661731199999,485412.13641,558,790606.1,254469.11854,0
