open_time,open,high,low,close,volume,close_time,quote_volume,count,taker_buy_volume,taker_buy_quote_volume,ignore
1685923200000,0.5353,0.5357,0.5352,0.5354,1133929.7,1685923259999,607101.43047,806,425174.8,227644.49797,0
1685923260000,0.5354,0.5355,0.5350,0.5350,868430.0,1685923319999,464835.51713,643,280537.9,150172.26632,0
1685923320000,0.5351,0.5352,0.5340,0.5347,2089948.1,1685923379999,1117305.15563,1218,740082.5,395617.06806,0
1685923380000,0.5348,0.5353,0.5343,0.5351,1373299.0,1685923439999,734431.90483,735,735587.1,393440.84393,0
1685923440000,0.5350,0.5366,0.5350,0.5357,3851349.2,1685923499999,2064375.95984,1593,2676304.5,1434443.24277,0
1685923500000,0.5358,0.5360,0.5354,0.5356,909688.6,1685923559999,487306.90288,627,490418.3,262702.35758,0
1685923560000,0.5357,0.5363,0.5355,0.5360,1457560.2,1685923619999,781236.43327,620,642275.6,344265.27804,0
1685923620000,0.5360,0.5373,0.5360,0.5367,2232729.9,1685923679999,1198421.01972,1196,1256355.5,674357.07853,0
1685923680000,0.5367,0.5379,0.5366,0.5377,2575290.7,1685923739999,1383707.40624,1142,1793540.6,963579.18809,0
1685923740000,0.5377,0.5378,0.5365,0.5369,2357438.8,1685923799999,1266297.05889,872,607330.6,326092.44793,0
1685923800000,0.5369,0.5376,0.5368,0.5376,833292.1,1685923859999,447656.99128,433,646598.4,347366.60814,0
1685923860000,0.5376,0.5384,0.5375,0.5378,1660208.2,1685923919999,893075.44014,1013,1109300.9,596701.48105,0
1685923920000,0.5379,0.5380,0.5371,0.5375,1014602.6,1685923979999,545386.16406,505,437415.3,235116.24772,0
1685923980000,0.5376,0.5383,0.5376,0.5382,1166452.7,1685924039999,627474.96109,522,696737.6,374778.92088,0
1685924040000,0.5382,0.5384,0.5380,0.5384,712346.0,1685924099999,383359.40339,405,410514.3,220935.87011,0
1685924100000,0.5383,0.5386,0.5377,0.5381,1147340.7,1685924159999,617469.75987,605,422236.8,227285.80422,0
1685924160000,0.5382,0.5384,0.5374,0.5375,2675180.7,1685924219999,1439286.37272,932,889307.1,478479.33362,0
1685924220000,0.5376,0.5382,0.5369,0.5381,1907585.4,1685924279999,1025348.32482,853,1139608.2,612565.80270,0
1685924280000,0.5381,0.5381,0.5373,0.5375,910998.4,1685924339999,489891.87965,423,332709.2,178899.05242,0
1685924340000,0.5376,0.5376,0.5370,0.5370,554736.8,1685924399999,298072.42173,332,113841.0,61177.24052,0
1685924400000,0.5370,0.5372,0.5366,0.5370,1205590.7,1685924459999,647262.62594,644,578094.3,310373.09422,0
1685924460000,0.5371,0.5375,0.5367,0.5372,1691305.5,1685924519999,908389.46084,624,910444.0,489011.96062,0
1685924520000,0.5373,0.5382,0.5367,0.5381,1398597.4,1685924579999,751751.64003,668,971536.4,522220.27823,0
1685924580000,0.5382,0.5392,0.5381,0.5391,1811060.1,1685924639999,975667.79102,1124,1179816.9,635620.58253,0
1685924640000,0.5392,0.5406,0.5389,0.5401,5694804.1,1685924699999,3073937.55872,2289,3601365.0,1944104.89599,0
1685924700000,0.5402,0.5428,0.5400,0.5420,7842973.7,1685924759999,4249884.67059,4239,4400538.6,2384399.77267,0
1685924760000,0.5420,0.5429,0.5416,0.5420,4089078.9,1685924819999,2217156.98651,1781,1737349.1,942144.80048,0
1685924820000,0.5421,0.5427,0.5411,0.5411,5446712.3,1685924879999,2952041.70342,1759,2313643.2,1254267.91731,0
1685924880000,0.5411,0.5414,0.5400,0.5401,3326912.1,1685924939999,1798935.55099,1813,1048832.7,567282.61793,0
1685924940000,0.5401,0.5404,0.5391,0.5392,2509317.6,1685924999999,1354391.57103,1447,1038099.8,560398.79594,0
1685925000000,0.5391,0.5399,0.5388,0.5391,2696777.3,1685925059999,1454495.66822,1323,1576874.0,850485.27462,0
1685925060000,0.5391,0.5401,0.5389,0.5398,1481598.3,1685925119999,799381.20624,707,1102410.9,594822.23445,0
1685925120000,0.5398,0.5402,0.5394,0.5398,1835276.6,1685925179999,990616.22772,677,833243.7,449787.54408,0
1685925180000,0.5399,0.5405,0.5398,0.5401,743420.0,1685925239999,401629.20975,446,502125.6,271268.87522,0
1685925240000,0.5402,0.5413,0.5401,0.5408,1691323.9,1685925299999,914778.85399,914,981482.9,530843.74116,0
1685925300000,0.5408,0.5419,0.5405,0.5412,3012702.2,1685925359999,1630776.20867,1001,1538429.7,832735.50525,0
1685925360000,0.5412,0.5413,0.5404,0.5405,1083659.2,1685925419999,586123.43374,538,262717.8,142103.93950,0
1685925420000,0.5405,0.5411,0.5404,0.5410,1008303.8,1685925479999,545191.43802,529,753809.5,407600.28789,0
1685925480000,0.5409,0.5420,0.5408,0.5416,2438196.0,1685925539999,1320630.90118,1034,1522901.3,824821.54561,0
1685925540000,0.5415,0.5418,0.5413,0.5413,966888.3,1685925599999,523606.30760,485,261785.4,141787.42283,0
1685925600000,0.5414,0.5414,0.5406,0.5407,828912.7,1685925659999,448411.54148,642,268305.4,145156.25675,0
1685925660000,0.5407,0.5420,0.5406,0.5413,2720982.0,1685925719999,1473025.67322,1082,1365367.6,738966.67934,0
1685925720000,0.5413,0.5413,0.5395,0.5396,2578590.4,1685925779999,1392932.62963,1266,547585.9,295779.48386,0
1685925780000,0.5396,0.5400,0.5391,0.5392,2535281.8,1685925839999,1367881.00315,1319,987228.0,532706.36698,0
1685925840000,0.5392,0.5401,0.5391,0.5400,1313557.1,1685925899999,708610.16625,657,796245.9,429552.28049,0
1685925900000,0.5400,0.5404,0.5392,0.5395,2284771.5,1685925959999,1233479.72251,1148,1294749.1,699069.12766,0
1685925960000,0.5394,0.5402,0.5391,0.5393,1769902.4,1685926019999,955014.11658,866,889839.2,480186.64571,0
1685926020000,0.5392,0.5400,0.5372,0.5386,7400036.9,1685926079999,3984682.28746,3468,3488390.8,1878706.16512,0
1685926080000,0.5386,0.5389,0.5380,0.5382,3812278.7,1685926139999,2052502.19542,1231,1372529.0,738986.97918,0
1685926140000,0.5382,0.5400,0.5381,0.5392,1633311.7,1685926199999,880775.65290,1066,938579.2,506070.83720,0
1685926200000,0.5392,0.5397,0.5383,0.5385,2830961.0,1685926259999,1526098.03985,917,1833122.0,988286.31066,0
1685926260000,0.5385,0.5397,0.5384,0.5392,1125607.5,1685926319999,607015.01458,605,524627.8,282894.00438,0
1685926320000,0.5392,0.5397,0.5391,0.5396,753526.5,1685926379999,406472.01521,416,464994.9,250839.53617,0
1685926380000,0.5396,0.5400,0.5386,0.5387,1609730.9,1685926439999,868184.37990,757,575611.5,310463.00197,0
1685926440000,0.5387,0.5392,0.5386,0.5387,699113.3,1685926499999,376770.32224,389,412416.0,222253.38300,0
1685926500000,0.5388,0.5388,0.5380,0.5384,1220366.8,1685926559999,656993.12998,634,503851.7,271248.65256,0
1685926560000,0.5384,0.5385,0.5381,0.5383,921363.4,1685926619999,495932.29776,403,286930.5,154444.84894,0
1685926620000,0.5384,0.5386,0.5378,0.5378,863883.9,1685926679999,464958.66017,469,236140.9,127126.21771,0
1685926680000,0.5378,0.5384,0.5377,0.5380,828434.7,1685926739999,445757.30171,432,508337.8,273517.76339,0
1685926740000,0.5381,0.5381,0.5377,0.5377,457623.6,1685926799999,246118.78150,254,130284.9,70079.15502,0
1685926800000,0.5377,0.5378,0.5366,0.5369,3618770.5,1685926859999,1942930.45448,2028,1383093.1,742541.60232,0
1685926860000,0.5368,0.5371,0.5359,0.5362,2155866.5,1685926919999,1156376.58178,1351,779483.6,418109.68324,0
1685926920000,0.5362,0.5368,0.5357,0.5358,1836398.1,1685926979999,984931.69497,1000,1068582.8,573245.44349,0
1685926980000,0.5357,0.5368,0.5357,0.5367,2186142.1,1685927039999,1172544.65481,869,1274752.4,683724.08642,0
1685927040000,0.5366,0.5369,0.5364,0.5367,941120.5,1685927099999,505080.38221,493,537425.9,288436.75521,0
1685927100000,0.5366,0.5376,0.5366,0.5374,1719337.5,1685927159999,923444.27185,892,1256662.0,674874.99660,0
1685927160000,0.5375,0.5378,0.5369,0.5369,1493890.3,1685927219999,802787.50616,557,384138.0,206432.56904,0
1685927220000,0.5369,0.5371,0.5368,0.5369,359212.6,1685927279999,192882.21191,225,180306.2,96825.11300,0
1685927280000,0.5369,0.5372,0.5366,0.5367,638026.6,1685927339999,342560.45484,337,279638.8,150156.64636,0
1685927340000,0.5366,0.5369,0.5357,0.5358,1434847.8,1685927399999,769419.03899,749,486014.1,260639.02949,0
1685927400000,0.5359,0.5359,0.5352,0.5355,2781909.3,1685927459999,1489756.06546,1124,1063936.6,569749.54378,0
1685927460000,0.5354,0.5356,0.5350,0.5350,879358.5,1685927519999,470761.90199,519,203056.8,108738.61292,0
1685927520000,0.5351,0.5351,0.5333,0.5341,10038147.3,1685927579999,5361057.63733,3896,3294713.5,1759536.71358,0
1685927580000,0.5340,0.5341,0.5322,0.5325,8236583.3,1685927639999,4388808.82143,3507,3109066.4,1656727.29578,0
1685927640000,0.5326,0.5334,0.5325,0.5329,2354303.3,1685927699999,1255022.07253,1575,1338044.6,713285.43326,0
1685927700000,0.5329,0.5333,0.5319,0.5333,3072800.7,1685927759999,1635986.26461,1683,1345253.8,716430.52909,0
1685927760000,0.5333,0.5341,0.5328,0.5329,2477228.0,1685927819999,1321831.01914,1438,1317956.8,703410.06114,0
1685927820000,0.5328,0.5338,0.5328,0.5336,1409793.8,1685927879999,751948.65487,897,811827.3,432978.42699,0
1685927880000,0.5336,0.5342,0.5334,0.5337,2804828.7,1685927939999,1497394.51523,1094,1386368.5,740154.99100,0
1685927940000,0.5337,0.5348,0.5335,0.5347,1717142.9,1685927999999,917352.25125,863,1248544.7,667023.09515,0
1685928000000,0.5347,0.5348,0.5338,0.5340,998281.7,1685928059999,533485.26413,521,336168.0,179653.01709,0
1685928060000,0.5339,0.5341,0.5336,0.5337,850015.5,1685928119999,453793.70444,465,400662.1,213912.65418,0
1685928120000,0.5337,0.5341,0.5336,0.5339,555175.3,1685928179999,296379.81048,297,413465.1,220736.82485,0
1685928180000,0.5339,0.5341,0.5335,0.5337,934047.8,1685928239999,498596.17114,467,467296.6,249452.43946,0
1685928240000,0.5338,0.5347,0.5337,0.5347,1077700.4,1685928299999,575696.90937,433,906981.4,484523.57330,0
1685928300000,0.5346,0.5350,0.5345,0.5346,862947.3,1685928359999,461517.15925,519,519335.8,277754.34123,0
1685928360000,0.5347,0.5349,0.5343,0.5349,471804.6,1685928419999,252221.39265,290,292030.9,156135.14053,0
1685928420000,0.5348,0.5352,0.5345,0.5346,771868.1,1685928479999,412820.41275,430,393177.2,210295.45204,0
1685928480000,0.5345,0.5347,0.5342,0.5346,509651.6,1685928539999,272370.66085,354,290384.0,155177.33837,0
1685928540000,0.5346,0.5348,0.5344,0.5348,371458.1,1685928599999,198577.07856,177,267775.4,143158.05836,0
1685928600000,0.5347,0.5348,0.5341,0.5343,500072.3,1685928659999,267217.66735,376,206491.6,110319.61282,0
1685928660000,0.5343,0.5347,0.5342,0.5347,402509.4,1685928719999,215089.65087,300,298111.6,159313.68339,0
1685928720000,0.5347,0.5354,0.5347,0.5351,1071632.1,1685928779999,573481.03051,605,594884.0,318343.61136,0
1685928780000,0.5351,0.5356,0.5348,0.5349,1035585.6,1685928839999,554360.91439,587,402732.0,215573.42869,0
1685928840000,0.5350,0.5350,0.5348,0.5349,210946.1,1685928899999,112833.44064,150,133809.8,71575.92194,0
1685928900000,0.5350,0.5350,0.5343,0.5350,761550.5,1685928959999,407143.22675,441,272323.3,145607.28453,0
1685928960000,0.5349,0.5349,0.5344,0.5346,398831.7,1685929019999,213243.87204,277,206971.4,110655.15018,0
1685929020000,0.5347,0.5347,0.5338,0.5339,610972.3,1685929079999,326311.16425,410,116395.2,62154.08829,0
1685929080000,0.5339,0.5339,0.5336,0.5338,523826.4,1685929139999,279587.21522,345,228152.1,121780.95934,0
1685929140000,0.5338,0.5343,0.5337,0.5338,958713.8,1685929199999,511921.43939,457,642558.0,343083.85523,0
1685929200000,0.5338,0.5338,0.5333,0.5335,530074.2,1685929259999,282828.53148,400,217958.3,116292.25640,0
1685929260000,0.5335,0.5335,0.5327,0.5332,1006607.1,1685929319999,536536.08747,618,444049.2,236683.47818,0
1685929320000,0.5332,0.5339,0.5330,0.5331,1528968.5,1685929379999,815540.52088,651,601828.7,321055.59771,0
1685929380000,0.5332,0.5335,0.5330,0.5335,716448.0,1685929439999,382043.09369,307,446263.9,237972.49439,0
1685929440000,0.5335,0.5339,0.5333,0.5339,337569.9,1685929499999,180133.75078,246,245729.3,131135.80343,0
1685929500000,0.5339,0.5346,0.5335,0.5335,1320307.4,1685929559999,705248.28533,698,706217.3,377289.28170,0
1685929560000,0.5335,0.5337,0.5332,0.5336,900709.9,1685929619999,480431.85014,497,528667.7,282002.93314,0
1685929620000,0.5337,0.5337,0.5333,0.5337,679979.3,1685929679999,362740.85567,379,231907.7,123733.60415,0
1685929680000,0.5337,0.5344,0.5334,0.5342,1200583.1,1685929739999,640888.26470,555,867581.6,463082.95725,0
1685929740000,0.5342,0.5347,0.5340,0.5347,456880.6,1685929799999,244135.52071,349,290234.2,155093.42614,0
1685929800000,0.5347,0.5349,0.5346,0.5349,543592.1,1685929859999,290719.30122,412,416070.3,222521.98415,0
1685929860000,0.5349,0.5354,0.5345,0.5348,2097188.4,1685929919999,1121874.13107,747,1255281.0,671454.33872,0
1685929920000,0.5348,0.5348,0.5346,0.5347,144239.1,1685929979999,77123.88646,182,84126.8,44985.22699,0
1685929980000,0.5347,0.5347,0.5345,0.5346,217215.5,1685930039999,116116.06451,238,95171.2,50880.33488,0
1685930040000,0.5346,0.5346,0.5344,0.5346,256473.8,1685930099999,137087.59778,235,137505.8,73500.55255,0
1685930100000,0.5346,0.5346,0.5339,0.5339,503064.1,1685930159999,268768.74229,396,246212.1,131546.57275,0
1685930160000,0.5339,0.5340,0.5337,0.5339,345252.0,1685930219999,184297.48605,233,107007.9,57124.79431,0
1685930220000,0.5338,0.5340,0.5334,0.5339,1136784.6,1685930279999,606591.46012,523,497205.4,265322.84029,0
1685930280000,0.5339,0.5341,0.5337,0.5339,715457.0,1685930339999,381949.26292,314,356691.2,190427.00598,0
1685930340000,0.5339,0.5341,0.5337,0.5340,313705.1,1685930399999,167486.46788,211,144997.0,77417.18618,0
1685930400000,0.5339,0.5340,0.5336,0.5339,602552.9,1685930459999,321667.09675,419,280039.2,149507.38729,0
1685930460000,0.5339,0.5346,0.5339,0.5345,694032.6,1685930519999,370871.66895,432,346518.8,185176.87387,0
1685930520000,0.5345,0.5350,0.5344,0.5347,715021.1,1685930579999,382337.67417,455,331964.1,177509.96149,0
1685930580000,0.5346,0.5349,0.5344,0.5349,496157.6,1685930639999,265268.43377,325,406607.6,217396.81719,0
1685930640000,0.5348,0.5354,0.5348,0.5353,1089091.3,1685930699999,582846.25850,518,881976.1,472000.34767,0
1685930700000,0.5353,0.5356,0.5351,0.5354,942095.3,1685930759999,504376.55939,504,430150.7,230300.21610,0
1685930760000,0.5353,0.5357,0.5353,0.5353,528428.5,1685930819999,282987.61059,385,214112.3,114669.44731,0
1685930820000,0.5353,0.5354,0.5346,0.5349,1643249.1,1685930879999,878941.75607,597,310458.0,166049.62628,0
1685930880000,0.5349,0.5351,0.5349,0.5350,248320.2,1685930939999,132845.28132,191,128189.8,68581.86654,0
1685930940000,0.5350,0.5350,0.5342,0.5347,2112454.3,1685930999999,1129147.39028,734,564987.2,302000.43973,0
1685931000000,0.5347,0.5347,0.5342,0.5343,403687.1,1685931059999,215711.83810,289,186561.0,99683.65612,0
1685931060000,0.5344,0.5344,0.5342,0.5343,447143.0,1685931119999,238910.53954,200,113062.7,60412.28910,0
1685931120000,0.5342,0.5347,0.5340,0.5341,1147778.2,1685931179999,613287.75984,501,480852.5,256956.98443,0
1685931180000,0.5340,0.5341,0.5340,0.5341,83755.5,1685931239999,44731.59707,103,61600.7,32900.93387,0
1685931240000,0.5341,0.5342,0.5339,0.5342,388263.6,1685931299999,207356.96741,385,187365.3,100069.86610,0
1685931300000,0.5341,0.5344,0.5341,0.5343,399379.0,1685931359999,213366.32583,290,218823.6,116909.54885,0
1685931360000,0.5342,0.5343,0.5341,0.5342,241770.4,1685931419999,129159.95799,191,139981.6,74784.74143,0
1685931420000,0.5341,0.5347,0.5341,0.5346,475883.1,1685931479999,254278.80881,250,354512.1,189448.36364,0
1685931480000,0.5347,0.5347,0.5345,0.5346,238788.7,1685931539999,127665.57399,160,145043.7,77549.50298,0
1685931540000,0.5346,0.5350,0.5345,0.5349,295416.4,1685931599999,157962.00010,190,187960.6,100511.87258,0
1685931600000,0.5350,0.5350,0.5347,0.5348,252468.7,1685931659999,135045.94776,170,104595.4,55953.96134,0
1685931660000,0.5347,0.5350,0.5346,0.5348,572386.6,1685931719999,306082.19299,283,269749.1,144262.96172,0
1685931720000,0.5348,0.5349,0.5347,0.5349,128193.1,1685931779999,68556.69608,106,83714.5,44771.69266,0
1685931780000,0.5349,0.5356,0.5348,0.5356,610128.4,1685931839999,326560.44473,359,434048.0,232312.51271,0
1685931840000,0.5356,0.5357,0.5355,0.5355,392817.7,1685931899999,210378.75742,304,113290.7,60680.41784,0
1685931900000,0.5356,0.5356,0.5353,0.5353,615397.0,1685931959999,329508.69211,266,214131.7,114665.68785,0
1685931960000,0.5354,0.5357,0.5353,0.5357,120187.9,1685932019999,64353.27890,160,78226.3,41887.07480,0
1685932020000,0.5356,0.5357,0.5350,0.5352,1181915.6,1685932079999,632762.73050,469,270155.7,144610.99081,0
1685932080000,0.5352,0.5356,0.5352,0.5355,495899.2,1685932139999,265509.64142,257,215620.9,115458.86760,0
1685932140000,0.5355,0.5356,0.5354,0.5356,157568.4,1685932199999,84381.68487,153,130791.5,70044.70169,0
1685932200000,0.5355,0.5356,0.5352,0.5352,571517.5,1685932259999,305950.88112,374,183672.6,98325.84547,0
1685932260000,0.5352,0.5353,0.5352,0.5353,61317.5,1685932319999,32820.17505,109,30490.5,16321.56465,0
1685932320000,0.5352,0.5355,0.5352,0.5354,228040.6,1685932379999,122080.94923,252,190167.9,101806.73875,0
1685932380000,0.5354,0.5355,0.5350,0.5350,501355.5,1685932439999,268359.28541,264,155817.9,83399.46283,0
1685932440000,0.5351,0.5351,0.5349,0.5350,304066.1,1685932499999,162672.86719,251,104289.1,55797.84624,0
1685932500000,0.5351,0.5351,0.5345,0.5346,438629.7,1685932559999,234567.26792,382,74169.5,39673.97820,0
1685932560000,0.5345,0.5346,0.5343,0.5343,388370.0,1685932619999,207566.74509,245,172377.7,92131.47408,0
1685932620000,0.5343,0.5344,0.5340,0.5343,1020332.2,1685932679999,545051.05859,571,380773.1,203408.35054,0
1685932680000,0.5343,0.5344,0.5340,0.5341,448203.2,1685932739999,239408.73395,532,272808.0,145719.37921,0
1685932740000,0.5341,0.5344,0.5341,0.5343,300118.1,1685932799999,160351.29615,306,116805.9,62410.38110,0
1685932800000,0.5342,0.5345,0.5342,0.5344,376942.4,1685932859999,201424.91245,294,270083.9,144323.26091,0
1685932860000,0.5345,0.5345,0.5340,0.5340,356717.7,1685932919999,190604.21274,229,82464.4,44065.97227,0
1685932920000,0.5341,0.5341,0.5333,0.5333,629984.1,1685932979999,336186.99087,522,123672.9,65988.23418,0
1685932980000,0.5333,0.5339,0.5330,0.5336,2413496.9,1685933039999,1287508.06044,906,1393838.4,743588.94372,0
1685933040000,0.5336,0.5336,0.5329,0.5330,1616636.9,1685933099999,861874.97969,573,241047.3,128505.02439,0
1685933100000,0.5329,0.5330,0.5322,0.5323,2082367.4,1685933159999,1109250.46156,1111,727959.5,387847.07142,0
1685933160000,0.5322,0.5323,0.5318,0.5320,2478192.6,1685933219999,1318392.70241,1302,965701.4,513783.99122,0
1685933220000,0.5320,0.5328,0.5318,0.5326,3337131.0,1685933279999,1775984.02870,1140,1828668.0,973259.78345,0
1685933280000,0.5326,0.5327,0.5319,0.5324,2092627.6,1685933339999,1113806.62175,925,831178.5,442404.42103,0
1685933340000,0.5324,0.5325,0.5322,0.5322,283357.8,1685933399999,150841.60738,276,142433.3,75831.07822,0
1685933400000,0.5323,0.5324,0.5321,0.5321,537825.8,1685933459999,286244.64689,360,268661.6,142993.73924,0
1685933460000,0.5322,0.5322,0.5316,0.5321,1235001.0,1685933519999,656848.03050,701,443574.3,235947.04221,0
1685933520000,0.5320,0.5321,0.5317,0.5319,853435.8,1685933579999,453947.64912,503,436713.4,232305.10675,0
1685933580000,0.5320,0.5320,0.5306,0.5309,4770657.0,1685933639999,2533649.53143,2805,1698430.8,902079.10005,0
1685933640000,0.5310,0.5310,0.5304,0.5304,2875028.7,1685933699999,1525737.90444,1773,1427927.4,757863.35839,0
1685933700000,0.5304,0.5305,0.5275,0.5301,18508690.9,1685933759999,9787795.03905,8546,7367120.8,3896321.08093,0
1685933760000,0.5300,0.5310,0.5298,0.5302,4653234.0,1685933819999,2468068.51606,2317,2509445.5,1331251.33727,0
1685933820000,0.5303,0.5303,0.5293,0.5295,2295532.0,1685933879999,1215952.58209,1502,805369.9,426593.83718,0
1685933880000,0.5295,0.5295,0.5285,0.5288,1526902.7,1685933939999,807664.40731,1311,525204.2,277827.66176,0
1685933940000,0.5288,0.5293,0.5287,0.5291,1253085.8,1685933999999,662962.67816,786,842095.5,445538.32819,0
1685934000000,0.5292,0.5297,0.5285,0.5292,3736903.2,1685934059999,1977100.02607,1645,1662878.1,879939.01158,0
1685934060000,0.5292,0.5294,0.5279,0.5279,3871415.0,1685934119999,2045890.35557,1612,1374018.5,726119.95478,0
1685934120000,0.5279,0.5287,0.5273,0.5285,6547596.8,1685934179999,3457783.87778,2432,2946670.9,1556409.05068,0
1685934180000,0.5285,0.5296,0.5281,0.5294,3423219.4,1685934239999,1810813.10960,1407,2309038.8,1221411.86453,0
1685934240000,0.5293,0.5297,0.5288,0.5294,1799475.7,1685934299999,952411.85247,910,956751.9,506391.05842,0
1685934300000,0.5294,0.5294,0.5289,0.5290,1971141.6,1685934359999,1042929.03323,869,933574.9,493956.64123,0
1685934360000,0.5291,0.5294,0.5284,0.5288,2695674.1,1685934419999,1425999.80160,725,957210.2,506454.21911,0
1685934420000,0.5288,0.5295,0.5288,0.5291,1588638.7,1685934479999,840620.02286,819,908569.7,480798.66118,0
1685934480000,0.5291,0.5295,0.5289,0.5292,1094062.2,1685934539999,578917.43905,506,529487.6,280181.45135,0
1685934540000,0.5291,0.5295,0.5289,0.5291,1062568.4,1685934599999,562235.65356,616,410610.4,217273.77216,0
1685934600000,0.5291,0.5293,0.5290,0.5291,736331.5,1685934659999,389634.07356,449,310458.6,164289.74721,0
1685934660000,0.5291,0.5297,0.5289,0.5295,1389507.4,1685934719999,735446.72824,506,836678.5,442919.66345,0
1685934720000,0.5296,0.5299,0.5295,0.5298,677655.8,1685934779999,358973.25310,415,468383.6,248122.51467,0
1685934780000,0.5297,0.5303,0.5296,0.5302,1491455.2,1685934839999,790391.98705,649,1045351.9,554032.27778,0
1685934840000,0.5303,0.5308,0.5298,0.5305,2529546.9,1685934899999,1341635.85837,1233,1627772.7,863347.73544,0
1685934900000,0.5305,0.5308,0.5298,0.5308,1216973.5,1685934959999,645251.38812,757,614488.0,325838.87084,0
1685934960000,0.5307,0.5310,0.5301,0.5304,1787137.9,1685935019999,948208.20805,825,696163.9,369393.76362,0
1685935020000,0.5305,0.5309,0.5305,0.5308,521663.8,1685935079999,276863.61484,431,294193.1,156139.85864,0
1685935080000,0.5308,0.5313,0.5304,0.5313,1374857.4,1685935139999,729923.93079,800,844220.0,448313.93125,0
1685935140000,0.5314,0.5316,0.5312,0.5314,962136.0,1685935199999,511238.87318,584,539905.0,286907.27210,0
1685935200000,0.5315,0.5316,0.5309,0.5309,690196.0,1685935259999,366689.41920,476,190314.8,101119.55696,0
1685935260000,0.5310,0.5318,0.5309,0.5317,942373.0,1685935319999,500838.44412,642,606574.7,322348.70575,0
1685935320000,0.5317,0.5321,0.5317,0.5320,801735.5,1685935379999,426472.14044,549,462100.9,245824.51130,0
1685935380000,0.5321,0.5325,0.5319,0.5323,1107420.3,1685935439999,589389.48099,741,599681.8,319179.93605,0
1685935440000,0.5323,0.5327,0.5322,0.5324,949138.5,1685935499999,505381.18932,640,546215.6,290860.56397,0
1685935500000,0.5324,0.5327,0.5322,0.5323,1196045.2,1685935559999,636833.46047,569,469230.3,249852.22065,0
1685935560000,0.5323,0.5324,0.5321,0.5321,586401.4,1685935619999,312125.28658,254,85694.8,45622.83891,0
1685935620000,0.5321,0.5323,0.5321,0.5323,243992.9,1685935679999,129858.11967,226,120081.4,63916.01094,0
1685935680000,0.5322,0.5323,0.5316,0.5318,795040.1,1685935739999,422933.31709,446,281629.7,149808.22444,0
1685935740000,0.5317,0.5317,0.5313,0.5315,943084.8,1685935799999,501248.57303,475,467316.1,248378.06690,0
1685935800000,0.5316,0.5316,0.5308,0.5309,622508.1,1685935859999,330728.03493,479,127591.2,67801.13927,0
1685935860000,0.5308,0.5310,0.5302,0.5303,2126636.4,1685935919999,1128441.42359,1058,622562.3,330371.02462,0
1685935920000,0.5303,0.5305,0.5303,0.5304,378092.8,1685935979999,200539.89044,309,128514.4,68169.37992,0
1685935980000,0.5303,0.5305,0.5302,0.5304,646416.4,1685936039999,342827.05817,430,309323.6,164049.68109,0
1685936040000,0.5305,0.5306,0.5304,0.5304,454230.5,1685936099999,240969.44009,275,229758.8,121892.83438,0
1685936100000,0.5304,0.5305,0.5301,0.5301,380968.7,1685936159999,202011.52087,347,102711.0,54463.31292,0
1685936160000,0.5301,0.5302,0.5293,0.5296,925365.8,1685936219999,490266.76511,630,148379.4,78608.26393,0
1685936220000,0.5295,0.5297,0.5288,0.5290,1061479.5,1685936279999,561762.06984,788,320388.6,169603.47879,0
1685936280000,0.5290,0.5292,0.5286,0.5291,1852310.8,1685936339999,979735.70178,776,1032650.5,546184.49084,0
1685936340000,0.5290,0.5299,0.5289,0.5297,750002.4,1685936399999,397086.25501,500,575329.3,304592.28965,0
1685936400000,0.5297,0.5298,0.5290,0.5291,466263.5,1685936459999,246826.56999,320,127942.8,67717.53580,0
1685936460000,0.5290,0.5294,0.5289,0.5290,1241630.3,1685936519999,656969.33132,488,502887.6,266112.09608,0
1685936520000,0.5290,0.5296,0.5290,0.5296,465223.2,1685936579999,246213.20247,278,368294.3,194930.36494,0
1685936580000,0.5295,0.5296,0.5291,0.5296,335582.1,1685936639999,177635.97915,313,150278.2,79545.32464,0
1685936640000,0.5296,0.5301,0.5296,0.5299,667387.7,1685936699999,353647.41301,457,423442.4,224395.94595,0
1685936700000,0.5299,0.5299,0.5293,0.5295,808525.8,1685936759999,428181.83340,526,491231.9,260143.06256,0
1685936760000,0.5296,0.5297,0.5289,0.5289,821684.9,1685936819999,434884.44034,514,401652.6,212568.78973,0
1685936820000,0.5290,0.5293,0.5287,0.5288,683178.4,1685936879999,361374.39046,417,260695.8,137902.62123,0
1685936880000,0.5289,0.5296,0.5289,0.5295,471786.9,1685936939999,249643.74177,320,385067.1,203767.16759,0
1685936940000,0.5295,0.5296,0.5291,0.5293,422714.4,1685936999999,223777.68079,211,89289.7,47264.31370,0
1685937000000,0.5292,0.5293,0.5290,0.5291,344500.3,1685937059999,182269.80102,273,152592.8,80734.83275,0
1685937060000,0.5290,0.5295,0.5289,0.5295,414833.8,1685937119999,219509.45439,271,297423.8,157398.03392,0
1685937120000,0.5295,0.5296,0.5293,0.5295,573353.3,1685937179999,303544.65508,284,189822.7,100506.18771,0
1685937180000,0.5294,0.5294,0.5287,0.5291,395511.3,1685937239999,209214.12125,250,162627.8,86013.87100,0
1685937240000,0.5290,0.5292,0.5288,0.5291,291310.7,1685937299999,154086.58365,193,145750.5,77099.72541,0
1685937300000,0.5292,0.5293,0.5290,0.5292,523360.5,1685937359999,276910.41792,302,182071.8,96334.13630,0
1685937360000,0.5292,0.5296,0.5289,0.5296,780536.2,1685937419999,413120.46447,368,483692.6,256062.50309,0
1685937420000,0.5296,0.5298,0.5295,0.5297,464633.8,1685937479999,246107.93270,267,318842.4,168890.22053,0
1685937480000,0.5298,0.5303,0.5297,0.5303,703051.7,1685937539999,372610.86150,426,469284.8,248724.74269,0
1685937540000,0.5303,0.5308,0.5302,0.5303,1409209.7,1685937599999,747564.71089,651,809443.7,429399.87962,0
1685937600000,0.5303,0.5304,0.5298,0.5299,1043146.2,1685937659999,552948.59332,719,414205.2,219586.36458,0
1685937660000,0.5298,0.5300,0.5295,0.5300,913079.8,1685937719999,483674.20761,541,511805.9,271122.25894,0
1685937720000,0.5299,0.5306,0.5299,0.5306,1002708.7,1685937779999,531720.64728,531,746132.8,395658.88312,0
1685937780000,0.5306,0.5312,0.5306,0.5310,1268472.6,1685937839999,673479.48214,692,737451.1,391559.52467,0
1685937840000,0.5309,0.5316,0.5309,0.5315,1485199.9,1685937899999,789255.84149,699,1084352.9,576245.80850,0
1685937900000,0.5315,0.5318,0.5313,0.5315,1441486.9,1685937959999,766280.88774,686,778160.7,413687.06076,0
1685937960000,0.5315,0.5317,0.5314,0.5317,325899.7,1685938019999,173252.65548,294,201666.2,107217.61165,0
1685938020000,0.5316,0.5319,0.5315,0.5316,328437.5,1685938079999,174634.20192,246,139690.3,74276.76704,0
1685938080000,0.5316,0.5316,0.5308,0.5310,923973.6,1685938139999,490752.42524,450,257206.9,136617.10566,0
1685938140000,0.5309,0.5311,0.5306,0.5308,548025.9,1685938199999,290939.59856,318,323046.2,171514.48432,0
1685938200000,0.5307,0.5311,0.5307,0.5310,322621.4,1685938259999,171295.04264,275,161997.5,86016.71809,0
1685938260000,0.5310,0.5314,0.5310,0.5313,256926.3,1685938319999,136486.77458,219,87964.5,46731.31032,0
1685938320000,0.5313,0.5315,0.5312,0.5314,324285.9,1685938379999,172309.53914,255,170498.1,90597.62186,0
1685938380000,0.5314,0.5316,0.5312,0.5313,426424.8,1685938439999,226628.77027,209,246126.2,130817.97283,0
1685938440000,0.5313,0.5316,0.5312,0.5315,416142.2,1685938499999,221158.06547,217,220684.0,117277.93247,0
1685938500000,0.5315,0.5318,0.5313,0.5318,776482.4,1685938559999,412719.30375,428,324980.0,172736.37264,0
1685938560000,0.5318,0.5323,0.5317,0.5321,910032.5,1685938619999,484209.10573,677,618120.2,328910.26211,0
1685938620000,0.5322,0.5324,0.5317,0.5318,507538.1,1685938679999,270054.49009,372,158101.1,84133.36865,0
1685938680000,0.5318,0.5318,0.5310,0.5310,469154.8,1685938739999,249275.01538,296,100768.4,53553.65203,0
1685938740000,0.5311,0.5313,0.5309,0.5311,544476.0,1685938799999,289154.01359,284,285267.8,151501.81016,0
1685938800000,0.5311,0.5311,0.5303,0.5303,545144.3,1685938859999,289273.43729,521,128227.7,68058.03909,0
1685938860000,0.5304,0.5305,0.5303,0.5303,301377.5,1685938919999,159839.70968,189,92104.0,48853.20334,0
1685938920000,0.5304,0.5307,0.5303,0.5306,342799.9,1685938979999,181880.40112,190,298894.3,158586.97952,0
1685938980000,0.5306,0.5310,0.5306,0.5308,466278.9,1685939039999,247497.39531,202,261688.2,138910.28696,0
1685939040000,0.5308,0.5309,0.5307,0.5307,206333.3,1685939099999,109509.63283,161,29773.8,15804.26268,0
1685939100000,0.5308,0.5308,0.5301,0.5302,1104889.9,1685939159999,586015.74738,458,219041.4,116185.59089,0
1685939160000,0.5302,0.5303,0.5300,0.5302,410425.8,1685939219999,217579.60101,292,129955.9,68899.38373,0
1685939220000,0.5302,0.5306,0.5301,0.5305,591860.6,1685939279999,313869.46624,262,415080.4,220141.44949,0
1685939280000,0.5306,0.5310,0.5306,0.5310,243754.8,1685939339999,129383.23729,164,167331.6,88825.28207,0
1685939340000,0.5310,0.5311,0.5309,0.5310,277056.0,1685939399999,147116.93206,170,75785.1,40245.32478,0
1685939400000,0.5309,0.5312,0.5307,0.5312,380093.8,1685939459999,201772.13806,284,238498.9,126611.77541,0
1685939460000,0.5313,0.5316,0.5312,0.5315,394917.6,1685939519999,209895.95963,283,238765.7,126902.44868,0
1685939520000,0.5315,0.5320,0.5314,0.5316,736930.0,1685939579999,391834.58196,433,369753.1,196611.16316,0
1685939580000,0.5316,0.5320,0.5314,0.5317,787811.4,1685939639999,418903.55138,393,292916.0,155737.47895,0
1685939640000,0.5316,0.5318,0.5315,0.5316,265248.9,1685939699999,141012.35396,206,115186.6,61235.35453,0
1685939700000,0.5316,0.5316,0.5311,0.5315,843290.5,1685939759999,448093.21728,408,360382.3,191507.74400,0
1685939760000,0.5314,0.5319,0.5313,0.5317,598438.8,1685939819999,318143.45409,310,293105.6,155824.92292,0
1685939820000,0.5318,0.5319,0.5313,0.5318,771012.3,1685939879999,409870.43687,338,358592.7,190629.17043,0
1685939880000,0.5318,0.5321,0.5317,0.5321,539012.1,1685939939999,286708.11679,280,316614.8,168419.95282,0
1685939940000,0.5321,0.5326,0.5320,0.5323,1006370.1,1685939999999,535680.08079,762,464500.9,247261.20717,0
1685940000000,0.5323,0.5334,0.5323,0.5325,3114868.4,1685940059999,1660225.10824,1652,2036379.9,1085437.16081,0
1685940060000,0.5325,0.5331,0.5325,0.5330,1211279.2,1685940119999,645328.95437,443,704532.5,375365.75927,0
1685940120000,0.5329,0.5332,0.5328,0.5331,292808.7,1685940179999,156069.54449,166,186149.4,99223.26086,0
1685940180000,0.5332,0.5335,0.5331,0.5332,698958.0,1685940239999,372742.83431,431,403691.4,215288.78530,0
1685940240000,0.5333,0.5338,0.5332,0.5336,1213768.8,1685940299999,647598.02871,718,772225.1,412028.34624,0
1685940300000,0.5335,0.5339,0.5334,0.5337,1124702.3,1685940359999,600171.52094,558,547291.1,292083.39223,0
1685940360000,0.5338,0.5339,0.5334,0.5338,1149832.0,1685940419999,613574.50799,424,388342.7,207236.29139,0
1685940420000,0.5338,0.5339,0.5336,0.5338,751265.9,1685940479999,401007.56383,388,382689.3,204284.49177,0
1685940480000,0.5338,0.5343,0.5336,0.5336,1216582.4,1685940539999,649648.98089,884,627953.0,335392.46108,0
1685940540000,0.5337,0.5337,0.5328,0.5330,882763.3,1685940599999,470668.00273,642,156129.6,83224.72353,0
1685940600000,0.5331,0.5338,0.5329,0.5338,485581.1,1685940659999,258972.27413,366,408095.6,217647.88600,0
1685940660000,0.5337,0.5338,0.5329,0.5331,1303534.1,1685940719999,695222.77836,618,396361.3,211361.09072,0
1685940720000,0.5331,0.5338,0.5331,0.5338,897410.5,1685940779999,478846.15154,425,413973.7,220879.23381,0
1685940780000,0.5338,0.5344,0.5337,0.5342,832775.3,1685940839999,444793.19454,525,547248.7,292307.98700,0
1685940840000,0.5342,0.5347,0.5341,0.5344,1335580.5,1685940899999,713787.09987,777,528649.7,282553.08422,0
1685940900000,0.5344,0.5345,0.5339,0.5339,577874.2,1685940959999,308665.64401,388,85572.7,45713.22282,0
1685940960000,0.5339,0.5346,0.5338,0.5346,661576.9,1685941019999,353406.74197,372,413721.3,221001.41268,0
1685941020000,0.5345,0.5348,0.5344,0.5347,1025660.6,1685941079999,548292.74161,470,391126.3,209108.97706,0
1685941080000,0.5346,0.5349,0.5345,0.5347,579329.2,1685941139999,309793.03467,413,358694.9,191820.13236,0
1685941140000,0.5347,0.5348,0.5341,0.5344,1046288.0,1685941199999,559155.93356,480,181114.5,96773.09555,0
1685941200000,0.5343,0.5344,0.5340,0.5343,858713.5,1685941259999,458767.09607,751,464786.2,248324.67272,0
1685941260000,0.5344,0.5344,0.5337,0.5339,852195.6,1685941319999,455126.50983,576,284478.4,151932.12492,0
1685941320000,0.5339,0.5339,0.5333,0.5335,1155737.3,1685941379999,616640.38559,608,470665.6,251118.25500,0
1685941380000,0.5336,0.5337,0.5334,0.5337,447813.9,1685941439999,238938.74250,263,266277.3,142087.83581,0
1685941440000,0.5337,0.5338,0.5336,0.5337,263395.5,1685941499999,140572.98218,202,94969.5,50686.91883,0
1685941500000,0.5336,0.5337,0.5328,0.5328,1732398.2,1685941559999,923543.95804,874,574976.7,306509.45751,0
1685941560000,0.5329,0.5334,0.5328,0.5332,576771.4,1685941619999,307500.49354,348,351676.0,187498.28455,0
1685941620000,0.5332,0.5334,0.5324,0.5328,1514754.7,1685941679999,807147.00253,763,453392.3,241550.13594,0
1685941680000,0.5328,0.5331,0.5327,0.5327,371253.4,1685941739999,197847.96588,262,71377.1,38041.47488,0
1685941740000,0.5328,0.5328,0.5321,0.5324,953646.3,1685941799999,507689.07297,554,329264.4,175283.08441,0
1685941800000,0.5323,0.5326,0.5321,0.5322,525853.1,1685941859999,279943.42294,377,280972.2,149576.26160,0
1685941860000,0.5322,0.5324,0.5321,0.5322,371429.5,1685941919999,197684.04897,261,99647.6,53038.33746,0
1685941920000,0.5322,0.5328,0.5322,0.5323,539017.7,1685941979999,287030.02828,302,193717.7,103148.10931,0
1685941980000,0.5323,0.5328,0.5315,0.5319,1592495.5,1685942039999,847633.04082,876,623274.8,331811.42511,0
1685942040000,0.5319,0.5322,0.5313,0.5321,1476481.4,1685942099999,785286.19086,692,670144.0,356469.39014,0
1685942100000,0.5321,0.5328,0.5315,0.5327,929532.1,1685942159999,494636.08571,623,484970.8,258095.32946,0
1685942160000,0.5327,0.5328,0.5324,0.5327,256201.1,1685942219999,136458.87969,271,137466.0,73218.43863,0
1685942220000,0.5328,0.5330,0.5327,0.5329,334022.6,1685942279999,178004.86969,332,189226.3,100845.46938,0
1685942280000,0.5330,0.5330,0.5328,0.5330,257669.6,1685942339999,137313.96798,231,127684.0,68048.37679,0
1685942340000,0.5330,0.5333,0.5324,0.5328,1451959.5,1685942399999,773753.34790,586,380273.4,202646.37223,0
1685942400000,0.5329,0.5334,0.5328,0.5332,656506.7,1685942459999,349962.30423,455,330427.8,176134.62333,0
1685942460000,0.5333,0.5333,0.5331,0.5333,396631.1,1685942519999,211498.26614,271,227296.3,121214.23221,0
1685942520000,0.5332,0.5335,0.5332,0.5334,448126.9,1685942579999,239001.32917,311,224227.9,119594.17271,0
1685942580000,0.5334,0.5335,0.5333,0.5333,274508.0,1685942639999,146427.99143,217,106792.1,56969.82601,0
1685942640000,0.5333,0.5334,0.5330,0.5330,294401.2,1685942699999,156962.55871,224,19464.5,10379.88810,0
1685942700000,0.5331,0.5331,0.5327,0.5328,366382.1,1685942759999,195236.17223,269,68054.9,36271.35246,0
1685942760000,0.5327,0.5329,0.5326,0.5326,354845.4,1685942819999,189047.50983,272,161370.0,85976.96325,0
1685942820000,0.5327,0.5327,0.5321,0.5323,836496.1,1685942879999,445269.58969,407,230630.6,122761.92203,0
1685942880000,0.5322,0.5323,0.5320,0.5320,456261.9,1685942939999,242803.96924,288,117368.4,62464.34598,0
1685942940000,0.5320,0.5322,0.5320,0.5321,261737.5,1685942999999,139266.63603,238,133174.3,70868.11888,0
1685943000000,0.5321,0.5322,0.5316,0.5320,1026101.1,1685943059999,545788.45410,582,530311.1,282064.79198,0
1685943060000,0.5320,0.5321,0.5315,0.5316,896786.4,1685943119999,476977.95073,374,230412.1,122568.67069,0
1685943120000,0.5316,0.5319,0.5307,0.5309,2375041.4,1685943179999,1261659.91733,1090,914472.9,485830.59128,0
1685943180000,0.5309,0.5311,0.5309,0.5310,481381.1,1685943239999,255615.22392,297,289070.4,153501.41135,0
1685943240000,0.5310,0.5311,0.5301,0.5302,1190221.9,1685943299999,631352.54585,799,260635.2,138244.08355,0
1685943300000,0.5301,0.5312,0.5300,0.5311,2510990.5,1685943359999,1332199.05467,1000,1628041.8,863868.20162,0
1685943360000,0.5312,0.5316,0.5311,0.5315,640754.9,1685943419999,340477.37044,455,421512.3,223983.98679,0
1685943420000,0.5316,0.5318,0.5313,0.5317,499898.0,1685943479999,265703.88889,322,155749.1,82802.07299,0
1685943480000,0.5316,0.5317,0.5310,0.5310,412650.7,1685943539999,219271.75922,276,88311.3,46923.33082,0
1685943540000,0.5311,0.5314,0.5310,0.5311,792403.8,1685943599999,420891.77706,307,218530.0,116083.98581,0
1685943600000,0.5312,0.5315,0.5310,0.5315,927369.2,1685943659999,492646.97028,310,590513.5,313721.24210,0
1685943660000,0.5315,0.5321,0.5315,0.5319,1066120.7,1685943719999,567066.39560,529,852023.0,453189.75847,0
1685943720000,0.5319,0.5320,0.5315,0.5320,402165.8,1685943779999,213848.80847,260,144854.2,77032.15347,0
1685943780000,0.5320,0.5324,0.5318,0.5324,600255.6,1685943839999,319412.40199,385,494612.5,263209.31795,0
1685943840000,0.5324,0.5324,0.5321,0.5321,276296.1,1685943899999,147054.02803,152,49486.0,26341.22173,0
1685943900000,0.5322,0.5322,0.5317,0.5322,1000249.6,1685943959999,532153.41020,364,726770.6,386671.40035,0
1685943960000,0.5321,0.5326,0.5321,0.5325,958367.9,1685944019999,510215.82658,429,706592.1,376221.55832,0
1685944020000,0.5325,0.5327,0.5323,0.5327,877889.4,1685944079999,467496.82535,384,234875.2,125093.73271,0
1685944080000,0.5327,0.5331,0.5326,0.5331,1232042.3,1685944139999,656506.36365,495,814077.9,433805.29424,0
1685944140000,0.5331,0.5331,0.5326,0.5327,725573.3,1685944199999,386605.04461,267,157509.3,83932.26623,0
1685944200000,0.5327,0.5328,0.5323,0.5323,876758.0,1685944259999,466896.34290,446,226706.5,120738.92751,0
1685944260000,0.5323,0.5324,0.5322,0.5322,80352.5,1685944319999,42773.80313,105,27608.9,14698.54670,0
1685944320000,0.5323,0.5325,0.5321,0.5321,391203.0,1685944379999,208245.86452,242,172369.4,91762.54963,0
1685944380000,0.5321,0.5323,0.5320,0.5321,530713.5,1685944439999,282433.71923,232,250200.6,133147.83218,0
1685944440000,0.5322,0.5322,0.5318,0.5320,607572.5,1685944499999,323218.92590,247,330826.3,176001.15993,0
1685944500000,0.5320,0.5323,0.5320,0.5322,651040.2,1685944559999,346444.93530,220,637999.6,339505.78282,0
1685944560000,0.5322,0.5328,0.5322,0.5327,549007.2,1685944619999,292370.53205,314,353183.0,188076.76862,0
1685944620000,0.5328,0.5341,0.5326,0.5337,3355729.1,1685944679999,1790369.03303,1413,2289688.5,1221466.12979,0
1685944680000,0.5337,0.5339,0.5334,0.5338,810741.8,1685944739999,432720.07026,415,403297.1,215258.42978,0
1685944740000,0.5338,0.5410,0.5337,0.5372,28896176.1,1685944799999,15544095.12704,15809,18172687.7,9770394.24697,0
1685944800000,0.5372,0.5389,0.5372,0.5377,6789208.9,1685944859999,3652893.43424,2992,3341431.9,1797599.95538,0
1685944860000,0.5377,0.5387,0.5369,0.5372,5562662.9,1685944919999,2991130.68225,2270,2582052.2,1388399.78495,0
1685944920000,0.5372,0.5378,0.5366,0.5373,2402093.3,1685944979999,1290365.29562,1208,1103212.8,592667.75609,0
1685944980000,0.5373,0.5373,0.5366,0.5366,1650280.9,1685945039999,885917.35420,934,752536.1,403986.40832,0
1685945040000,0.5367,0.5370,0.5365,0.5368,961022.9,1685945099999,515819.88475,574,613468.5,329288.68294,0
1685945100000,0.5368,0.5370,0.5366,0.5368,1207898.3,1685945159999,648485.36823,602,579769.8,311281.28469,0
1685945160000,0.5368,0.5373,0.5367,0.5371,949339.3,1685945219999,509823.24502,499,621040.1,333523.83709,0
1685945220000,0.5371,0.5371,0.5368,0.5368,377492.8,1685945279999,202655.45817,376,184862.1,99247.10902,0
1685945280000,0.5369,0.5371,0.5368,0.5371,572955.8,1685945339999,307666.37289,345,413423.7,222006.28154,0
1685945340000,0.5370,0.5385,0.5370,0.5382,2829520.7,1685945399999,1521446.45513,1274,1827475.1,982808.30174,0
1685945400000,0.5382,0.5388,0.5376,0.5384,3726614.5,1685945459999,2005964.86469,1338,1698262.5,914131.60957,0
1685945460000,0.5384,0.5385,0.5374,0.5375,2191500.3,1685945519999,1178898.80882,714,595517.9,320420.70044,0
1685945520000,0.5374,0.5376,0.5372,0.5374,742603.6,1685945579999,399054.73144,505,357840.9,192297.23656,0
1685945580000,0.5374,0.5385,0.5372,0.5385,1809985.7,1685945639999,973622.29544,909,1365663.1,734582.32296,0
1685945640000,0.5384,0.5385,0.5378,0.5378,886434.0,1685945699999,476953.77372,488,249144.9,134047.86903,0
1685945700000,0.5379,0.5379,0.5373,0.5377,955850.3,1685945759999,513865.18610,608,442484.5,237896.83323,0
1685945760000,0.5378,0.5384,0.5377,0.5382,839036.5,1685945819999,451438.48712,533,349657.0,188134.55702,0
1685945820000,0.5383,0.5383,0.5379,0.5379,475655.2,1685945879999,255972.90232,292,155103.5,83479.32237,0
1685945880000,0.5380,0.5381,0.5378,0.5380,671764.2,1685945939999,361348.39919,369,284946.0,153286.59834,0
1685945940000,0.5381,0.5381,0.5369,0.5370,3897244.3,1685945999999,2094143.16942,1330,1069913.6,574701.52839,0
1685946000000,0.5371,0.5372,0.5368,0.5368,874043.2,1685946059999,469325.94750,568,362615.0,194721.91822,0
1685946060000,0.5369,0.5369,0.5361,0.5364,2716763.4,1685946119999,1457298.04421,1187,780502.9,418661.16156,0
1685946120000,0.5365,0.5365,0.5360,0.5360,1225161.8,1685946179999,656850.80797,538,208918.8,112014.40960,0
1685946180000,0.5360,0.5365,0.5360,0.5364,799043.5,1685946239999,428482.00216,391,557410.3,298909.11530,0
1685946240000,0.5364,0.5368,0.5363,0.5368,1193281.8,1685946299999,640325.65916,490,560274.0,300663.58269,0
1685946300000,0.5367,0.5375,0.5367,0.5373,1645810.0,1685946359999,883887.95208,710,1284977.0,690123.02396,0
1685946360000,0.5373,0.5380,0.5373,0.5379,767685.6,1685946419999,412796.50678,570,535421.7,287897.95052,0
1685946420000,0.5378,0.5379,0.5366,0.5368,2111290.7,1685946479999,1133876.59758,684,389094.0,208881.08390,0
1685946480000,0.5368,0.5369,0.5364,0.5364,411706.8,1685946539999,220912.48722,286,63869.6,34275.73556,0
1685946540000,0.5364,0.5365,0.5362,0.5364,912961.2,1685946599999,489642.64358,494,408605.5,219165.18998,0
1685946600000,0.5365,0.5371,0.5362,0.5369,1621318.8,1685946659999,870111.54734,680,1123468.5,602910.76278,0
1685946660000,0.5369,0.5373,0.5369,0.5372,350832.9,1685946719999,188457.72640,337,238009.0,127852.74195,0
1685946720000,0.5372,0.5373,0.5363,0.5364,1039630.5,1685946779999,558048.00075,469,150570.8,80852.54028,0
1685946780000,0.5364,0.5368,0.5364,0.5364,400465.4,1685946839999,214884.28592,299,203158.7,109015.99640,0
1685946840000,0.5364,0.5365,0.5363,0.5363,190694.3,1685946899999,102278.07004,244,73907.9,39644.26717,0
1685946900000,0.5364,0.5367,0.5360,0.5361,1228595.3,1685946959999,658901.53405,587,613190.6,328899.17920,0
1685946960000,0.5362,0.5364,0.5361,0.5362,650307.7,1685947019999,348695.79894,328,407077.9,218284.17137,0
1685947020000,0.5361,0.5368,0.5361,0.5366,465877.3,1685947079999,249955.86014,333,304638.0,163429.59147,0
1685947080000,0.5367,0.5372,0.5364,0.5372,940103.2,1685947139999,504584.06925,545,514503.4,276202.00362,0
1685947140000,0.5372,0.5383,0.5371,0.5381,2160734.7,1685947199999,1161395.43468,1045,1588518.6,853822.11277,0
1685947200000,0.5380,0.5381,0.5374,0.5374,1522909.2,1685947259999,818880.22005,539,504681.1,271402.98368,0
1685947260000,0.5374,0.5383,0.5372,0.5377,4529480.6,1685947319999,2435945.24539,1421,2120863.9,1140499.88494,0
1685947320000,0.5377,0.5379,0.5368,0.5372,6420268.8,1685947379999,3449899.21585,1665,3406809.8,1830779.95201,0
1685947380000,0.5372,0.5381,0.5365,0.5372,7185734.1,1685947439999,3861588.24305,1934,3752905.8,2017004.81223,0
1685947440000,0.5372,0.5372,0.5367,0.5368,327564.8,1685947499999,175881.44171,172,121885.3,65450.25753,0
1685947500000,0.5368,0.5374,0.5366,0.5367,1858526.2,1685947559999,998063.10787,610,1386800.7,744768.35500,0
1685947560000,0.5367,0.5367,0.5365,0.5367,302457.8,1685947619999,162305.09483,179,138154.1,74138.96163,0
1685947620000,0.5367,0.5367,0.5363,0.5364,405577.3,1685947679999,217609.13922,324,168717.0,90539.35352,0
1685947680000,0.5364,0.5366,0.5361,0.5362,976018.9,1685947739999,523439.50971,410,303939.7,163025.33502,0
1685947740000,0.5361,0.5362,0.5356,0.5358,921197.9,1685947799999,493612.51611,759,247937.5,132859.41235,0
1685947800000,0.5358,0.5358,0.5355,0.5355,1074091.0,1685947859999,575333.61791,598,471958.1,252818.89928,0
1685947860000,0.5355,0.5359,0.5355,0.5358,458659.5,1685947919999,245711.09388,289,258684.1,138579.34671,0
1685947920000,0.5359,0.5360,0.5356,0.5358,812452.1,1685947979999,435343.18616,360,502944.3,269509.94880,0
1685947980000,0.5357,0.5358,0.5355,0.5355,316398.5,1685948039999,169482.85591,190,31360.3,16801.29826,0
1685948040000,0.5356,0.5357,0.5353,0.5354,713970.0,1685948099999,382346.23582,469,406113.2,217486.01260,0
1685948100000,0.5355,0.5355,0.5351,0.5351,617758.0,1685948159999,330695.90097,472,197165.2,105560.43325,0
1685948160000,0.5352,0.5352,0.5347,0.5348,1509000.5,1685948219999,807160.88880,917,565069.7,302258.34051,0
1685948220000,0.5348,0.5349,0.5347,0.5347,448786.2,1685948279999,240024.76662,284,265354.4,141927.91558,0
1685948280000,0.5348,0.5348,0.5340,0.5344,1591573.8,1685948339999,850521.41781,1321,740946.0,395962.77078,0
1685948340000,0.5343,0.5347,0.5341,0.5342,1051214.8,1685948399999,561813.88103,488,410550.3,219436.50458,0
1685948400000,0.5343,0.5347,0.5341,0.5347,1402328.2,1685948459999,749428.78916,704,950289.9,507901.61879,0
1685948460000,0.5347,0.5348,0.5339,0.5339,1319808.8,1685948519999,705183.72982,668,253435.2,135399.06663,0
1685948520000,0.5340,0.5340,0.5336,0.5337,952028.3,1685948579999,508177.12728,664,468216.1,249930.37951,0
1685948580000,0.5337,0.5339,0.5332,0.5339,1917908.7,1685948639999,1023284.31956,1134,696577.5,371668.19114,0
1685948640000,0.5338,0.5343,0.5336,0.5338,1733195.0,1685948699999,925512.19843,749,995777.2,531804.00866,0
1685948700000,0.5337,0.5339,0.5335,0.5336,981277.1,1685948759999,523663.50151,516,512383.1,273442.65858,0
1685948760000,0.5336,0.5337,0.5331,0.5335,973876.3,1685948819999,519458.17864,658,580856.2,309835.49153,0
1685948820000,0.5335,0.5338,0.5332,0.5333,1392116.8,1685948879999,742631.27495,678,593899.0,316825.75989,0
1685948880000,0.5333,0.5334,0.5330,0.5332,949533.6,1685948939999,506249.70417,453,297391.6,158574.13354,0
1685948940000,0.5332,0.5335,0.5330,0.5333,852234.3,1685948999999,454425.57252,562,363013.1,193578.20882,0
1685949000000,0.5334,0.5337,0.5333,0.5337,671388.4,1685949059999,358183.04880,546,487719.7,260203.55474,0
1685949060000,0.5336,0.5341,0.5336,0.5340,565385.3,1685949119999,301856.18932,442,394178.4,210448.59319,0
1685949120000,0.5339,0.5341,0.5334,0.5335,956992.5,1685949179999,510828.71433,424,357976.1,191109.77959,0
1685949180000,0.5334,0.5335,0.5333,0.5334,284711.7,1685949239999,151876.94996,135,118880.2,63422.44670,0
1685949240000,0.5333,0.5334,0.5332,0.5332,240052.9,1685949299999,128028.72090,168,87085.2,46451.06733,0
1685949300000,0.5332,0.5332,0.5327,0.5330,1954193.6,1685949359999,1041352.41491,1178,901179.3,480253.70317,0
1685949360000,0.5330,0.5331,0.5328,0.5329,939609.4,1685949419999,500744.90353,385,341148.7,181818.76130,0
1685949420000,0.5329,0.5336,0.5329,0.5330,1867122.4,1685949479999,995612.35768,788,987370.7,526547.95939,0
1685949480000,0.5330,0.5336,0.5330,0.5335,904302.4,1685949539999,482293.79636,423,579458.1,309062.67041,0
1685949540000,0.5334,0.5335,0.5330,0.5332,1114503.9,1685949599999,594329.48594,463,484786.1,258547.34818,0
1685949600000,0.5332,0.5332,0.5326,0.5329,1228564.9,1685949659999,654715.39016,549,731825.0,389997.58321,0
1685949660000,0.5330,0.5330,0.5325,0.5325,739326.0,1685949719999,393808.00605,533,270525.8,144092.87936,0
1685949720000,0.5326,0.5328,0.5322,0.5325,1160269.3,1685949779999,617811.19230,719,567907.5,302406.60775,0
1685949780000,0.5325,0.5328,0.5320,0.5323,2489813.2,1685949839999,1325360.94288,955,817580.8,435198.50298,0
1685949840000,0.5322,0.5324,0.5322,0.5323,400023.1,1685949899999,212927.63492,327,234087.0,124608.36148,0
1685949900000,0.5324,0.5324,0.5320,0.5322,506168.5,1685949959999,269352.43972,291,243144.9,129395.98835,0
1685949960000,0.5321,0.5325,0.5321,0.5324,674166.7,1685950019999,358860.63990,375,458866.5,244263.30678,0
1685950020000,0.5324,0.5325,0.5321,0.5322,655709.2,1685950079999,349046.09230,354,309701.7,164873.20656,0
1685950080000,0.5321,0.5324,0.5320,0.5323,794724.8,1685950139999,422922.44208,460,368398.7,196094.76307,0
1685950140000,0.5322,0.5327,0.5321,0.5327,590145.7,1685950199999,314220.96458,359,317259.8,168956.73639,0
1685950200000,0.5327,0.5332,0.5325,0.5332,951465.0,1685950259999,506960.87242,620,817562.7,435641.33386,0
1685950260000,0.5331,0.5334,0.5330,0.5330,731050.3,1685950319999,389830.25098,497,312084.1,166439.23193,0
1685950320000,0.5331,0.5331,0.5326,0.5327,507748.9,1685950379999,270501.38197,245,125135.7,66673.29507,0
1685950380000,0.5326,0.5327,0.5324,0.5325,626664.5,1685950439999,333717.17636,243,515073.3,274289.76192,0
1685950440000,0.5326,0.5326,0.5322,0.5322,934880.4,1685950499999,497712.84513,406,147826.9,78718.33301,0
1685950500000,0.5323,0.5323,0.5319,0.5319,526025.6,1685950559999,279883.88170,386,187717.0,99893.14398,0
1685950560000,0.5320,0.5325,0.5317,0.5323,1805395.3,1685950619999,960607.39352,806,1307027.6,695391.66237,0
1685950620000,0.5322,0.5325,0.5321,0.5321,801809.6,1685950679999,426805.43803,340,503296.3,267917.87230,0
1685950680000,0.5322,0.5322,0.5316,0.5318,905381.7,1685950739999,481511.59185,440,374008.8,198919.71797,0
1685950740000,0.5318,0.5326,0.5317,0.5326,2788283.3,1685950799999,1484148.14764,938,1946810.6,1036140.87707,0
1685950800000,0.5325,0.5326,0.5321,0.5322,462400.3,1685950859999,246151.16084,280,114503.7,60947.72324,0
1685950860000,0.5321,0.5322,0.5319,0.5320,188097.2,1685950919999,100081.54308,205,118532.4,63068.03977,0
1685950920000,0.5319,0.5320,0.5318,0.5319,255699.1,1685950979999,136013.97745,229,222545.7,118380.05953,0
1685950980000,0.5319,0.5320,0.5319,0.5320,287978.7,1685951039999,153183.55393,170,179188.3,95317.94017,0
1685951040000,0.5320,0.5323,0.5319,0.5323,245631.1,1685951099999,130689.00880,233,206867.0,110068.28538,0
1685951100000,0.5323,0.5327,0.5321,0.5326,649409.6,1685951159999,345738.29257,376,448902.5,238985.59997,0
1685951160000,0.5326,0.5332,0.5325,0.5331,697167.5,1685951219999,371492.78762,433,561696.9,299311.95386,0
1685951220000,0.5332,0.5334,0.5331,0.5334,924639.6,1685951279999,493084.65586,548,569510.8,303716.74197,0
1685951280000,0.5333,0.5335,0.5330,0.5335,1003861.0,1685951339999,535305.75462,433,686428.7,366071.95982,0
1685951340000,0.5335,0.5338,0.5334,0.5335,835113.0,1685951399999,445637.61844,448,401190.7,214086.60008,0
1685951400000,0.5334,0.5339,0.5333,0.5338,741440.4,1685951459999,395649.78245,431,388442.2,207296.77053,0
1685951460000,0.5338,0.5343,0.5337,0.5342,1847098.6,1685951519999,986353.10386,679,1473770.5,787013.85589,0
1685951520000,0.5343,0.5346,0.5338,0.5339,1436871.3,1685951579999,767619.92858,819,551283.5,294562.77271,0
1685951580000,0.5339,0.5340,0.5338,0.5339,489255.3,1685951639999,261215.08113,314,283564.0,151405.88547,0
1685951640000,0.5338,0.5340,0.5337,0.5339,720428.4,1685951699999,384618.18173,421,337320.0,180107.37329,0
1685951700000,0.5339,0.5339,0.5337,0.5339,256865.5,1685951759999,137114.94519,221,151006.0,80610.38784,0
1685951760000,0.5339,0.5339,0.5337,0.5338,146061.8,1685951819999,77967.05116,154,99241.2,52976.12686,0
1685951820000,0.5338,0.5348,0.5337,0.5346,1776399.2,1685951879999,949125.58636,800,1318514.3,704468.04445,0
1685951880000,0.5346,0.5347,0.5342,0.5342,1131537.0,1685951939999,604728.95947,389,572198.6,305802.80546,0
1685951940000,0.5343,0.5343,0.5340,0.5341,268368.9,1685951999999,143340.58021,167,97893.1,52290.85979,0
1685952000000,0.5340,0.5345,0.5340,0.5343,1278405.3,1685952059999,682983.36406,567,821586.2,438912.58317,0
1685952060000,0.5342,0.5342,0.5338,0.5338,524172.9,1685952119999,279919.22675,465,115315.7,61588.05998,0
1685952120000,0.5338,0.5341,0.5337,0.5341,1147235.3,1685952179999,612504.22258,420,938851.9,501253.25519,0
1685952180000,0.5340,0.5346,0.5340,0.5344,1592963.7,1685952239999,851197.53271,672,1134722.4,606344.56545,0
1685952240000,0.5345,0.5347,0.5341,0.5346,1227283.7,1685952299999,655905.98038,567,719437.7,384510.49164,0
1685952300000,0.5345,0.5347,0.5344,0.5345,526472.2,1685952359999,281446.29208,388,244446.3,130688.00658,0
1685952360000,0.5345,0.5345,0.5340,0.5340,419019.4,1685952419999,223864.02537,293,175767.8,93904.60835,0
1685952420000,0.5340,0.5341,0.5338,0.5338,330039.2,1685952479999,176225.96658,214,47473.3,25353.59521,0
1685952480000,0.5339,0.5343,0.5337,0.5343,600991.6,1685952539999,320883.46820,309,492958.2,263209.50610,0
1685952540000,0.5343,0.5344,0.5342,0.5343,296912.3,1685952599999,158635.49978,195,116084.6,62026.91359,0
1685952600000,0.5343,0.5343,0.5337,0.5337,671872.8,1685952659999,358720.27287,353,305866.0,163293.31683,0
1685952660000,0.5337,0.5338,0.5333,0.5333,443360.6,1685952719999,236558.08308,325,149989.9,80046.19859,0
1685952720000,0.5334,0.5335,0.5331,0.5334,503894.7,1685952779999,268688.94299,320,292271.8,155863.87600,0
1685952780000,0.5335,0.5338,0.5334,0.5338,435478.2,1685952839999,232383.54008,219,411156.4,219407.72230,0
1685952840000,0.5338,0.5338,0.5333,0.5335,605737.0,1685952899999,323184.34759,291,173844.6,92760.79289,0
1685952900000,0.5335,0.5336,0.5331,0.5336,806584.6,1685952959999,430192.51712,445,382700.3,204113.29111,0
1685952960000,0.5336,0.5343,0.5336,0.5342,432828.4,1685953019999,231140.51178,404,379665.7,202750.69190,0
1685953020000,0.5343,0.5347,0.5342,0.5345,562538.9,1685953079999,300671.83261,396,261478.3,139759.49236,0
1685953080000,0.5345,0.5355,0.5344,0.5355,1516989.2,1685953139999,811612.69386,881,1344963.5,719613.28951,0
1685953140000,0.5355,0.5357,0.5353,0.5356,1606075.7,1685953199999,860066.01043,732,741906.8,397327.19577,0
1685953200000,0.5356,0.5357,0.5352,0.5352,1180939.0,1685953259999,632341.85819,495,387037.4,207260.45431,0
1685953260000,0.5353,0.5353,0.5351,0.5352,340606.8,1685953319999,182293.89976,304,198240.1,106103.40988,0
1685953320000,0.5353,0.5357,0.5352,0.5354,522754.5,1685953379999,279921.33769,339,300493.4,160923.68909,0
1685953380000,0.5355,0.5358,0.5353,0.5357,685043.4,1685953439999,366872.27952,421,339450.1,181812.84339,0
1685953440000,0.5358,0.5358,0.5353,0.5354,571813.0,1685953499999,306184.91970,399,142110.7,76111.48623,0
1685953500000,0.5354,0.5359,0.5353,0.5358,838001.1,1685953559999,448880.25182,458,500270.1,267983.92740,0
1685953560000,0.5358,0.5361,0.5357,0.5360,698251.1,1685953619999,374180.57554,466,445312.0,238647.41772,0
1685953620000,0.5360,0.5361,0.5358,0.5360,1042018.0,1685953679999,558492.04272,401,555287.3,297625.81764,0
1685953680000,0.5360,0.5364,0.5356,0.5357,1406523.1,1685953739999,753969.86094,648,570303.3,305744.33725,0
1685953740000,0.5357,0.5360,0.5356,0.5360,863150.7,1685953799999,462500.89251,323,540080.6,289398.35354,0
1685953800000,0.5360,0.5364,0.5359,0.5363,654152.2,1685953859999,350714.75320,417,405938.8,217639.89196,0
1685953860000,0.5362,0.5365,0.5362,0.5364,531412.8,1685953919999,285050.75796,415,377949.4,202738.90835,0
1685953920000,0.5365,0.5374,0.5364,0.5371,2263389.1,1685953979999,1215462.86428,1514,1602792.2,860678.80898,0
1685953980000,0.5371,0.5372,0.5364,0.5365,1686232.8,1685954039999,905354.96720,623,244089.0,131073.68590,0
1685954040000,0.5365,0.5365,0.5362,0.5364,1082966.7,1685954099999,580840.12337,524,653647.8,350583.72317,0
1685954100000,0.5364,0.5364,0.5355,0.5357,2327790.9,1685954159999,1247634.49838,998,560800.7,300554.56534,0
1685954160000,0.5357,0.5359,0.5349,0.5353,2418829.8,1685954219999,1294829.88019,980,893478.1,478332.89921,0
1685954220000,0.5353,0.5355,0.5352,0.5353,482812.9,1685954279999,258481.13979,361,357585.7,191444.57966,0
1685954280000,0.5353,0.5364,0.5351,0.5361,2630186.7,1685954339999,1409170.42347,980,2171446.2,1163290.50114,0
1685954340000,0.5360,0.5366,0.5360,0.5365,822252.9,1685954399999,440963.76416,461,721802.0,387108.94291,0
1685954400000,0.5366,0.5366,0.5361,0.5363,650546.6,1685954459999,348925.26209,503,249829.8,133994.28108,0
1685954460000,0.5362,0.5363,0.5357,0.5358,267305.7,1685954519999,143244.13004,298,62030.1,33245.35553,0
1685954520000,0.5358,0.5358,0.5353,0.5357,924743.6,1685954579999,495223.41804,493,502171.8,268929.97811,0
1685954580000,0.5357,0.5357,0.5353,0.5354,394915.9,1685954639999,211446.64483,254,129844.8,69527.67278,0
1685954640000,0.5354,0.5354,0.5350,0.5350,767739.2,1685954699999,410865.18447,404,267220.8,143016.92344,0
1685954700000,0.5351,0.5352,0.5350,0.5350,367522.5,1685954759999,196656.90883,260,252171.8,134937.49101,0
1685954760000,0.5351,0.5351,0.5341,0.5342,1524882.8,1685954819999,815124.48657,894,585276.2,312775.16082,0
1685954820000,0.5343,0.5343,0.5334,0.5337,2109235.1,1685954879999,1125911.42262,1124,961269.2,513174.96600,0
1685954880000,0.5338,0.5338,0.5332,0.5334,832443.8,1685954939999,444051.85746,499,411067.4,219276.03142,0
1685954940000,0.5334,0.5338,0.5333,0.5334,1326050.6,1685954999999,707469.16154,491,801087.7,427413.59085,0
1685955000000,0.5334,0.5337,0.5334,0.5334,553440.2,1685955059999,295288.69026,311,353626.1,188689.82270,0
1685955060000,0.5335,0.5335,0.5328,0.5332,1420913.5,1685955119999,757414.55322,686,796906.3,424789.24361,0
1685955120000,0.5332,0.5333,0.5327,0.5332,1394580.0,1685955179999,743306.41728,591,801241.6,427068.12649,0
1685955180000,0.5332,0.5335,0.5331,0.5334,572738.3,1685955239999,305458.48299,359,368987.8,196792.29601,0
1685955240000,0.5334,0.5345,0.5333,0.5339,1835318.1,1685955299999,980043.19003,813,1171133.5,625334.17543,0
1685955300000,0.5339,0.5340,0.5335,0.5336,790619.0,1685955359999,421945.45737,420,267091.4,142543.36686,0
1685955360000,0.5336,0.5338,0.5335,0.5338,284124.4,1685955419999,151609.57238,182,189453.6,101102.70058,0
1685955420000,0.5338,0.5345,0.5338,0.5344,457575.0,1685955479999,244383.42940,300,372398.9,198899.94101,0
1685955480000,0.5344,0.5348,0.5344,0.5348,624249.7,1685955539999,333694.59964,366,327788.4,175228.64380,0
1685955540000,0.5348,0.5348,0.5345,0.5346,650154.3,1685955599999,347575.33123,272,98308.2,52562.25494,0
1685955600000,0.5345,0.5350,0.5345,0.5347,1277939.0,1685955659999,683343.87959,730,573150.6,306475.79763,0
1685955660000,0.5347,0.5349,0.5341,0.5349,807882.7,1685955719999,431820.98574,474,320687.5,171444.44176,0
1685955720000,0.5348,0.5356,0.5348,0.5352,881957.3,1685955779999,472072.14956,566,435549.9,233111.80458,0
1685955780000,0.5352,0.5355,0.5348,0.5353,1258816.4,1685955839999,673675.39106,574,712494.0,381350.28771,0
1685955840000,0.5352,0.5359,0.5352,0.5358,495076.8,1685955899999,265133.74357,445,371070.7,198734.41407,0
1685955900000,0.5358,0.5367,0.5358,0.5364,1078417.4,1685955959999,578349.83821,928,761658.3,408458.64977,0
1685955960000,0.5365,0.5366,0.5356,0.5358,1091829.8,1685956019999,585303.69804,630,354818.8,190221.28677,0
1685956020000,0.5358,0.5363,0.5353,0.5360,1244993.4,1685956079999,667041.81035,673,622355.5,333447.81228,0
1685956080000,0.5360,0.5364,0.5360,0.5364,619977.3,1685956139999,332425.41887,360,385947.0,206948.23519,0
1685956140000,0.5364,0.5364,0.5361,0.5361,294300.1,1685956199999,157815.23217,275,51029.0,27368.01112,0
1685956200000,0.5362,0.5363,0.5359,0.5359,790555.5,1685956259999,423859.86177,386,342613.1,183718.24145,0
1685956260000,0.5359,0.5360,0.5355,0.5358,1234787.9,1685956319999,661451.84914,487,424341.5,227308.57382,0
1685956320000,0.5357,0.5364,0.5357,0.5362,1299416.9,1685956379999,696504.71583,423,1105135.6,592346.46173,0
1685956380000,0.5363,0.5364,0.5359,0.5362,424455.3,1685956439999,227600.95797,294,172138.7,92310.12533,0
1685956440000,0.5362,0.5369,0.5362,0.5365,1218230.0,1685956499999,653655.85621,598,754077.9,404602.54982,0
1685956500000,0.5365,0.5371,0.5362,0.5370,1566861.8,1685956559999,840985.98278,732,1035804.2,556018.77086,0
1685956560000,0.5371,0.5374,0.5363,0.5363,1888134.4,1685956619999,1013610.84768,906,451452.3,242395.82151,0
1685956620000,0.5364,0.5364,0.5361,0.5362,533278.1,1685956679999,285947.18116,375,174190.8,93405.05924,0
1685956680000,0.5362,0.5364,0.5357,0.5362,1001282.3,1685956739999,536737.63816,513,542955.2,291060.26672,0
1685956740000,0.5361,0.5361,0.5358,0.5361,401073.6,1685956799999,214958.85677,309,194706.9,104359.75851,0
1685956800000,0.5362,0.5368,0.5361,0.5366,896488.3,1685956859999,480921.09691,517,673523.6,361328.30314,0
1685956860000,0.5367,0.5367,0.5361,0.5363,1320415.3,1685956919999,708363.68531,355,102150.4,54791.70598,0
1685956920000,0.5363,0.5365,0.5361,0.5364,358579.4,1685956979999,192287.19394,270,243161.9,130397.20533,0
1685956980000,0.5365,0.5365,0.5361,0.5363,335804.3,1685957039999,180089.05116,214,181499.7,97339.25151,0
1685957040000,0.5364,0.5364,0.5359,0.5360,432303.4,1685957099999,231763.67711,438,131703.6,70610.27850,0
1685957100000,0.5361,0.5361,0.5354,0.5360,824523.7,1685957159999,441673.64142,587,344948.5,184787.81840,0
1685957160000,0.5360,0.5360,0.5358,0.5359,225017.5,1685957219999,120587.19294,169,116479.2,62423.79281,0
1685957220000,0.5359,0.5359,0.5355,0.5355,868757.4,1685957279999,465397.58055,416,387661.6,207674.87016,0
1685957280000,0.5356,0.5359,0.5352,0.5353,1128803.9,1685957339999,604573.98988,490,224463.9,120247.78079,0
1685957340000,0.5352,0.5356,0.5352,0.5355,465297.3,1685957399999,249127.21177,252,332745.4,178155.35262,0
1685957400000,0.5355,0.5359,0.5355,0.5358,520098.8,1685957459999,278628.16303,327,357317.4,191427.42581,0
1685957460000,0.5358,0.5358,0.5354,0.5354,328194.0,1685957519999,175763.18227,218,55220.9,29577.79674,0
1685957520000,0.5355,0.5355,0.5351,0.5352,363465.4,1685957579999,194558.73260,277,41336.9,22131.69389,0
1685957580000,0.5352,0.5352,0.5345,0.5351,1324891.5,1685957639999,708628.36375,771,732688.3,391903.82153,0
1685957640000,0.5350,0.5355,0.5350,0.5353,359769.7,1685957699999,192587.41123,298,188743.0,101026.73457,0
1685957700000,0.5353,0.5357,0.5352,0.5356,441726.9,1685957759999,236548.07976,296,294362.9,157635.11310,0
1685957760000,0.5355,0.5358,0.5350,0.5351,886756.0,1685957819999,474929.03391,486,368759.6,197505.77350,0
1685957820000,0.5351,0.5352,0.5344,0.5345,812310.9,1685957879999,434397.63397,432,158468.5,84733.71395,0
1685957880000,0.5345,0.5349,0.5334,0.5339,5205212.9,1685957939999,2779917.95749,1926,2037928.4,1088473.42658,0
1685957940000,0.5338,0.5343,0.5335,0.5342,1367853.2,1685957999999,730358.19695,625,900353.1,480749.27255,0
1685958000000,0.5341,0.5346,0.5338,0.5339,693503.7,1685958059999,370517.47381,547,337514.2,180346.64914,0
1685958060000,0.5338,0.5343,0.5338,0.5341,444098.9,1685958119999,237173.20055,336,274376.1,146528.80445,0
1685958120000,0.5341,0.5342,0.5340,0.5340,225962.6,1685958179999,120689.13435,212,150827.1,80560.83901,0
1685958180000,0.5340,0.5345,0.5340,0.5343,1646073.8,1685958239999,879465.09663,518,1104888.4,590311.07879,0
1685958240000,0.5343,0.5349,0.5343,0.5347,1229221.8,1685958299999,657177.68228,525,849181.6,453988.44418,0
1685958300000,0.5346,0.5349,0.5339,0.5340,1447953.5,1685958359999,773801.78168,610,352305.4,188288.13288,0
1685958360000,0.5339,0.5340,0.5336,0.5338,799624.7,1685958419999,426832.23135,434,361376.2,192908.17890,0
1685958420000,0.5339,0.5339,0.5337,0.5339,173380.7,1685958479999,92547.39277,206,74589.2,39819.56101,0
1685958480000,0.5338,0.5340,0.5336,0.5336,479839.9,1685958539999,256141.09959,310,178162.3,95117.80598,0
1685958540000,0.5336,0.5338,0.5334,0.5335,665294.4,1685958599999,354978.58887,430,226862.0,121053.68286,0
1685958600000,0.5336,0.5339,0.5329,0.5339,2890817.0,1685958659999,1541577.71119,1170,1241394.9,662110.18051,0
1685958660000,0.5338,0.5341,0.5337,0.5341,271135.7,1685958719999,144764.08307,301,155327.2,82936.58929,0
1685958720000,0.5340,0.5348,0.5338,0.5345,788505.2,1685958779999,421317.08634,496,489989.6,261823.21803,0
1685958780000,0.5346,0.5347,0.5340,0.5341,252732.1,1685958839999,135069.34615,231,79089.0,42279.12840,0
1685958840000,0.5341,0.5341,0.5335,0.5338,572966.0,1685958899999,305814.44229,312,386316.6,206209.42562,0
1685958900000,0.5338,0.5340,0.5336,0.5337,268092.4,1685958959999,143111.54514,204,100325.1,53557.58343,0
1685958960000,0.5336,0.5337,0.5330,0.5330,545728.3,1685959019999,291037.57370,389,127501.2,67999.42314,0
1685959020000,0.5330,0.5335,0.5327,0.5333,2113006.3,1685959079999,1126335.06754,793,1265409.9,674577.05944,0
1685959080000,0.5333,0.5333,0.5327,0.5330,764315.6,1685959139999,407391.13884,378,292766.0,156050.57557,0
1685959140000,0.5331,0.5331,0.5329,0.5330,257922.4,1685959199999,137479.60706,160,151232.7,80615.21866,0
1685959200000,0.5331,0.5335,0.5329,0.5329,738305.0,1685959259999,393670.90878,562,311471.3,166091.45376,0
1685959260000,0.5330,0.5333,0.5329,0.5330,832746.2,1685959319999,443917.69787,372,514925.5,274499.34518,0
1685959320000,0.5331,0.5331,0.5323,0.5326,1594596.9,1685959379999,849338.34060,1006,517992.1,275893.06880,0
1685959380000,0.5326,0.5332,0.5324,0.5331,859941.4,1685959439999,458218.38081,469,571821.2,304715.93065,0
1685959440000,0.5332,0.5335,0.5329,0.5333,544690.1,1685959499999,290451.17071,414,307608.5,164043.37443,0
1685959500000,0.5333,0.5337,0.5330,0.5330,1131905.0,1685959559999,603699.81733,523,370540.2,197668.35897,0
1685959560000,0.5330,0.5333,0.5327,0.5333,969853.7,1685959619999,516865.58217,421,517743.8,275974.21897,0
1685959620000,0.5332,0.5338,0.5330,0.5333,2555179.1,1685959679999,1363158.97854,790,1596408.7,851675.46903,0
1685959680000,0.5332,0.5333,0.5330,0.5330,195104.9,1685959739999,104021.64983,148,41149.1,21940.97253,0
1685959740000,0.5331,0.5331,0.5327,0.5328,505418.1,1685959799999,269304.88552,262,149700.1,79770.12161,0
1685959800000,0.5328,0.5330,0.5326,0.5327,625108.8,1685959859999,333077.02370,422,357931.1,190730.04428,0
1685959860000,0.5327,0.5328,0.5326,0.5327,296549.1,1685959919999,157965.34348,222,184298.9,98180.80892,0
1685959920000,0.5328,0.5328,0.5322,0.5323,1316454.6,1685959979999,701001.86810,686,487379.1,259553.97198,0
1685959980000,0.5323,0.5324,0.5314,0.5315,2549922.6,1685960039999,1356199.03903,1414,803910.1,427674.54909,0
1685960040000,0.5315,0.5320,0.5313,0.5316,1730578.4,1685960099999,919891.28056,798,832407.9,442489.72055,0
1685960100000,0.5316,0.5318,0.5311,0.5312,1969500.8,1685960159999,1046687.15810,940,1111563.3,590787.49348,0
1685960160000,0.5312,0.5320,0.5312,0.5318,747686.8,1685960219999,397566.78069,444,478884.5,254631.57759,0
1685960220000,0.5318,0.5318,0.5312,0.5312,513711.8,1685960279999,273063.83799,312,118596.1,63051.01727,0
1685960280000,0.5312,0.5313,0.5301,0.5306,6174017.0,1685960339999,3275910.37979,2697,1968482.9,1044535.88505,0
1685960340000,0.5306,0.5311,0.5304,0.5306,1073661.6,1685960399999,569820.37013,670,579200.9,307420.18185,0
1685960400000,0.5306,0.5310,0.5304,0.5309,940695.8,1685960459999,499217.49872,551,568884.9,301922.87250,0
1685960460000,0.5310,0.5311,0.5307,0.5308,477915.5,1685960519999,253722.39655,319,178582.6,94819.71096,0
1685960520000,0.5308,0.5311,0.5306,0.5307,706713.6,1685960579999,375183.30146,392,294036.8,156121.00849,0
1685960580000,0.5306,0.5309,0.5306,0.5307,362339.2,1685960639999,192333.83537,244,225426.9,119664.51059,0
1685960640000,0.5308,0.5308,0.5305,0.5307,550206.7,1685960699999,291953.99387,275,188731.4,100152.89123,0
1685960700000,0.5306,0.5307,0.5301,0.5305,1361789.0,1685960759999,722331.91789,570,523670.6,277760.80298,0
1685960760000,0.5306,0.5310,0.5305,0.5308,821018.0,1685960819999,435786.83398,509,602758.2,319948.62808,0
1685960820000,0.5308,0.5311,0.5307,0.5310,681882.9,1685960879999,362050.05694,470,354744.3,188365.66490,0
1685960880000,0.5311,0.5315,0.5309,0.5311,980229.9,1685960939999,520714.82393,558,533685.1,283516.16758,0
1685960940000,0.5311,0.5311,0.5309,0.5309,335566.2,1685960999999,178187.48627,209,126680.3,67279.14609,0
1685961000000,0.5310,0.5316,0.5306,0.5315,749033.8,1685961059999,397745.43212,582,575414.4,305576.66303,0
1685961060000,0.5315,0.5321,0.5315,0.5320,693564.6,1685961119999,368907.29918,568,523192.5,278286.33102,0
1685961120000,0.5320,0.5326,0.5315,0.5318,2676761.3,1685961179999,1424418.88460,1082,1812242.0,964410.48151,0
1685961180000,0.5318,0.5321,0.5317,0.5319,973416.4,1685961239999,517704.64279,408,437803.8,232856.12075,0
1685961240000,0.5319,0.5324,0.5319,0.5324,652393.6,1685961299999,347162.81962,343,441084.2,234734.90882,0
1685961300000,0.5324,0.5325,0.5320,0.5321,705456.1,1685961359999,375504.46096,419,240874.8,128231.39053,0
1685961360000,0.5320,0.5321,0.5317,0.5320,613674.1,1685961419999,326412.24315,364,341958.8,181898.02012,0
1685961420000,0.5320,0.5320,0.5319,0.5320,184047.5,1685961479999,97910.59832,140,96855.9,51527.33880,0
1685961480000,0.5320,0.5320,0.5314,0.5314,726979.9,1685961539999,386529.20344,410,380368.8,202259.08054,0
1685961540000,0.5315,0.5315,0.5307,0.5310,908481.4,1685961599999,482391.27713,523,318856.9,169313.47890,0
1685961600000,0.5311,0.5314,0.5310,0.5313,715886.8,1685961659999,380322.40907,393,389884.4,207136.82216,0
1685961660000,0.5313,0.5314,0.5309,0.5310,718450.8,1685961719999,381640.80810,324,290950.0,154546.11019,0
1685961720000,0.5310,0.5312,0.5306,0.5308,1455282.3,1685961779999,772601.32986,455,557895.4,296172.72459,0
1685961780000,0.5309,0.5311,0.5308,0.5311,927757.4,1685961839999,492584.36025,281,646122.2,343072.66035,0
1685961840000,0.5310,0.5313,0.5307,0.5312,893833.6,1685961899999,474581.45067,354,471455.9,250345.18617,0
1685961900000,0.5312,0.5314,0.5311,0.5314,287079.0,1685961959999,152519.83141,313,197594.6,104978.35939,0
1685961960000,0.5313,0.5320,0.5313,0.5319,520434.6,1685962019999,276690.72089,336,400179.9,212734.65372,0
1685962020000,0.5319,0.5321,0.5314,0.5317,727745.9,1685962079999,386969.24122,345,400102.0,212738.14290,0
1685962080000,0.5317,0.5320,0.5316,0.5319,736367.9,1685962139999,391582.79108,321,476556.4,253418.25079,0
1685962140000,0.5320,0.5325,0.5319,0.5323,689985.4,1685962199999,367202.04943,391,433226.7,230552.46562,0
1685962200000,0.5323,0.5328,0.5322,0.5325,1414050.5,1685962259999,753067.89191,579,867847.7,462184.03119,0
1685962260000,0.5324,0.5325,0.5315,0.5316,1053165.4,1685962319999,560269.97358,490,186776.7,99325.16487,0
1685962320000,0.5316,0.5320,0.5315,0.5316,815206.3,1685962379999,433528.26769,408,554338.5,294808.64588,0
1685962380000,0.5316,0.5319,0.5316,0.5318,619817.2,1685962439999,329579.42762,343,362419.5,192724.08959,0
1685962440000,0.5317,0.5318,0.5312,0.5313,191478.3,1685962499999,101753.15480,219,63150.6,33559.78336,0
1685962500000,0.5313,0.5313,0.5310,0.5311,420880.6,1685962559999,223547.07559,320,265672.9,141117.59589,0
1685962560000,0.5311,0.5312,0.5310,0.5310,172207.6,1685962619999,91451.76160,105,80683.5,42851.49106,0
1685962620000,0.5310,0.5313,0.5307,0.5312,1235699.9,1685962679999,656044.79629,620,743245.7,394611.27343,0
1685962680000,0.5312,0.5312,0.5307,0.5308,1074080.8,1685962739999,570258.92354,345,131394.8,69767.50156,0
1685962740000,0.5309,0.5310,0.5305,0.5307,1499845.2,1685962799999,796011.39448,593,879299.9,466684.44304,0
1685962800000,0.5307,0.5314,0.5305,0.5313,1813692.5,1685962859999,962899.29282,954,1032596.3,548263.33882,0
1685962860000,0.5313,0.5319,0.5313,0.5317,590793.8,1685962919999,314105.06886,436,349134.3,185616.50591,0
1685962920000,0.5318,0.5320,0.5314,0.5318,417993.5,1685962979999,222251.82088,353,178936.2,95143.34248,0
1685962980000,0.5319,0.5320,0.5314,0.5314,571901.4,1685963039999,304067.85651,328,194413.0,103388.44694,0
1685963040000,0.5314,0.5321,0.5314,0.5320,628897.6,1685963099999,334413.95231,315,473266.4,251643.88096,0
1685963100000,0.5321,0.5326,0.5320,0.5326,725998.6,1685963159999,386534.87639,580,614082.5,326955.35429,0
1685963160000,0.5326,0.5327,0.5323,0.5325,1009494.2,1685963219999,537541.00555,488,410508.9,218602.74094,0
1685963220000,0.5325,0.5327,0.5324,0.5324,869199.4,1685963279999,462863.69960,360,342650.8,182485.61120,0
1685963280000,0.5325,0.5325,0.5318,0.5320,924702.9,1685963339999,492065.00030,383,212717.4,113206.26473,0
1685963340000,0.5320,0.5321,0.5318,0.5320,239917.5,1685963399999,127622.17305,202,150068.3,79833.50412,0
1685963400000,0.5320,0.5327,0.5320,0.5325,1144609.6,1685963459999,609441.99918,425,623365.1,331918.78774,0
1685963460000,0.5324,0.5325,0.5322,0.5323,338130.2,1685963519999,180014.40731,202,237654.5,126523.32324,0
1685963520000,0.5323,0.5324,0.5322,0.5323,216485.7,1685963579999,115232.39782,170,77669.9,41344.44320,0
1685963580000,0.5323,0.5324,0.5321,0.5323,360322.2,1685963639999,191775.05099,236,128185.4,68229.79128,0
1685963640000,0.5323,0.5323,0.5320,0.5322,444220.4,1685963699999,236384.45658,210,102706.6,54656.42408,0
1685963700000,0.5322,0.5325,0.5320,0.5324,474374.2,1685963759999,252460.37860,335,379891.7,202182.62737,0
1685963760000,0.5325,0.5328,0.5324,0.5328,522775.2,1685963819999,278446.32968,342,416769.1,221997.69113,0
1685963820000,0.5327,0.5328,0.5325,0.5326,498229.8,1685963879999,265398.74625,273,203626.7,108474.09877,0
1685963880000,0.5325,0.5328,0.5324,0.5327,350194.4,1685963939999,186524.70340,290,213298.6,113615.38831,0
1685963940000,0.5326,0.5332,0.5325,0.5329,968480.2,1685963999999,516061.98148,625,640955.4,341549.09148,0
1685964000000,0.5330,0.5335,0.5329,0.5331,775101.7,1685964059999,413307.88669,558,352630.3,188061.77747,0
1685964060000,0.5331,0.5331,0.5330,0.5331,143147.9,1685964119999,76309.90759,191,120768.9,64381.90059,0
1685964120000,0.5331,0.5331,0.5326,0.5327,524735.6,1685964179999,279588.24321,304,110201.6,58717.95637,0
1685964180000,0.5327,0.5329,0.5326,0.5328,228626.7,1685964239999,121808.12901,184,132258.8,70465.21978,0
1685964240000,0.5328,0.5328,0.5326,0.5327,271568.0,1685964299999,144673.94509,165,202394.5,107825.26252,0
1685964300000,0.5328,0.5328,0.5323,0.5324,485137.7,1685964359999,258348.24845,327,198942.3,105942.10992,0
1685964360000,0.5325,0.5330,0.5323,0.5329,309432.5,1685964419999,164824.62350,228,208413.7,111027.07763,0
1685964420000,0.5330,0.5334,0.5329,0.5331,746855.2,1685964479999,398221.46800,420,305545.0,162919.59729,0
1685964480000,0.5330,0.5335,0.5330,0.5335,529916.4,1685964539999,282594.40015,320,348549.2,185885.71285,0
1685964540000,0.5334,0.5335,0.5333,0.5334,538969.3,1685964599999,287495.49109,296,236140.6,125972.62018,0
1685964600000,0.5334,0.5338,0.5330,0.5331,870670.6,1685964659999,464483.35533,532,355906.1,189889.43868,0
1685964660000,0.5330,0.5331,0.5328,0.5328,384872.0,1685964719999,205106.48889,287,175680.7,93628.74153,0
1685964720000,0.5328,0.5332,0.5326,0.5332,656754.2,1685964779999,349929.05166,357,382887.1,204035.22115,0
1685964780000,0.5332,0.5332,0.5330,0.5331,344794.5,1685964839999,183809.61552,192,91251.4,48647.52639,0
1685964840000,0.5331,0.5332,0.5330,0.5332,142925.8,1685964899999,76190.80433,141,60784.4,32405.41213,0
1685964900000,0.5331,0.5332,0.5330,0.5332,297157.7,1685964959999,158408.87804,232,124187.4,66208.06993,0
1685964960000,0.5332,0.5332,0.5330,0.5330,296290.2,1685965019999,157945.75335,225,88940.7,47418.14846,0
1685965020000,0.5331,0.5334,0.5329,0.5333,647274.9,1685965079999,345062.10007,329,458048.6,244198.16011,0
1685965080000,0.5334,0.5334,0.5331,0.5331,273737.9,1685965139999,145963.91929,213,105141.3,56064.80692,0
1685965140000,0.5332,0.5332,0.5327,0.5328,515552.5,1685965199999,274753.92695,274,183967.1,98032.72472,0
1685965200000,0.5328,0.5329,0.5325,0.5327,688800.0,1685965259999,366930.58040,394,409955.9,218398.63743,0
1685965260000,0.5328,0.5331,0.5327,0.5330,186132.2,1685965319999,99200.26575,192,163634.1,87211.01271,0
1685965320000,0.5331,0.5333,0.5330,0.5332,176223.6,1685965379999,93950.77397,183,147314.3,78541.76247,0
1685965380000,0.5333,0.5337,0.5332,0.5336,361274.3,1685965439999,192745.45870,327,279787.9,149278.78985,0
1685965440000,0.5337,0.5338,0.5334,0.5335,535017.9,1685965499999,285499.36078,318,235412.6,125614.57552,0
1685965500000,0.5334,0.5335,0.5331,0.5332,466326.0,1685965559999,248664.20455,257,134685.1,71819.17394,0
1685965560000,0.5332,0.5336,0.5332,0.5332,1142015.3,1685965619999,609122.03431,411,752583.5,401413.01277,0
1685965620000,0.5332,0.5334,0.5331,0.5333,153271.7,1685965679999,81725.93786,128,78382.2,41796.38465,0
1685965680000,0.5332,0.5335,0.5332,0.5334,147019.8,1685965739999,78414.06787,178,74605.5,39791.52067,0
1685965740000,0.5334,0.5337,0.5333,0.5337,117564.6,1685965799999,62716.81344,154,103601.5,55269.09913,0
1685965800000,0.5337,0.5343,0.5336,0.5340,958128.8,1685965859999,511636.91941,759,697538.9,372481.01519,0
1685965860000,0.5340,0.5340,0.5336,0.5338,310541.5,1685965919999,165762.11265,184,58119.2,31022.72220,0
1685965920000,0.5338,0.5338,0.5335,0.5336,339698.4,1685965979999,181273.16443,191,155030.1,82732.76589,0
1685965980000,0.5337,0.5344,0.5336,0.5338,1675359.4,1685966039999,894746.15532,637,1025622.8,547801.02672,0
1685966040000,0.5339,0.5341,0.5338,0.5341,246542.6,1685966099999,131634.75194,188,154623.7,82562.62337,0
1685966100000,0.5340,0.5344,0.5340,0.5341,1008477.9,1685966159999,538758.95001,450,648676.4,346554.85646,0
1685966160000,0.5341,0.5342,0.5339,0.5342,693901.5,1685966219999,370597.34990,344,285252.6,152353.42202,0
1685966220000,0.5341,0.5342,0.5341,0.5342,65649.2,1685966279999,35067.32263,90,40849.1,21821.58922,0
1685966280000,0.5341,0.5343,0.5340,0.5342,313740.8,1685966339999,167589.41010,198,243680.6,130169.44330,0
1685966340000,0.5343,0.5349,0.5342,0.5342,1350465.0,1685966399999,721811.48137,707,683615.2,365402.81868,0
1685966400000,0.5343,0.5349,0.5342,0.5347,728325.0,1685966459999,389348.26127,669,430026.4,229882.27571,0
1685966460000,0.5348,0.5349,0.5342,0.5343,532236.0,1685966519999,284471.48376,418,206372.1,110311.05734,0
1685966520000,0.5344,0.5350,0.5342,0.5348,1324972.7,1685966579999,708397.80065,683,970422.8,518847.17615,0
1685966580000,0.5348,0.5351,0.5347,0.5347,771943.1,1685966639999,412937.47642,550,386538.2,206792.61264,0
1685966640000,0.5348,0.5349,0.5345,0.5345,653790.9,1685966699999,349590.81340,368,200236.7,107076.13830,0
1685966700000,0.5345,0.5347,0.5344,0.5347,300080.3,1685966759999,160410.45482,271,186663.2,99786.63252,0
1685966760000,0.5347,0.5348,0.5346,0.5348,277493.7,1685966819999,148371.46861,196,108070.1,57789.59536,0
1685966820000,0.5348,0.5350,0.5342,0.5343,695194.1,1685966879999,371681.81507,396,219277.9,117247.49411,0
1685966880000,0.5343,0.5344,0.5338,0.5338,813028.2,1685966939999,434159.40511,422,178664.3,95406.06681,0
1685966940000,0.5339,0.5340,0.5338,0.5340,574636.9,1685966999999,306801.62344,401,377531.2,201571.68878,0
1685967000000,0.5339,0.5342,0.5339,0.5341,160003.9,1685967059999,85460.29889,214,94586.5,50522.96205,0
1685967060000,0.5342,0.5343,0.5338,0.5339,409657.9,1685967119999,218780.96162,313,189656.5,101298.07519,0
1685967120000,0.5339,0.5344,0.5339,0.5343,318828.4,1685967179999,170290.63960,253,263362.5,140670.52411,0
1685967180000,0.5343,0.5346,0.5342,0.5342,307968.8,1685967239999,164584.79169,267,105357.1,56308.21709,0
1685967240000,0.5342,0.5343,0.5340,0.5340,253481.5,1685967299999,135407.80860,232,63702.6,34034.64210,0
1685967300000,0.5340,0.5342,0.5340,0.5341,300656.6,1685967359999,160575.36150,325,152877.8,81660.41825,0
1685967360000,0.5341,0.5348,0.5341,0.5344,1185167.7,1685967419999,633438.83362,472,782849.4,418394.44151,0
1685967420000,0.5344,0.5345,0.5341,0.5341,334631.8,1685967479999,178796.86278,266,110463.6,59030.14726,0
1685967480000,0.5342,0.5343,0.5340,0.5342,685480.4,1685967539999,366137.05550,422,261289.2,139570.10742,0
1685967540000,0.5341,0.5342,0.5340,0.5342,372246.8,1685967599999,198817.01986,242,191320.8,102188.95051,0
1685967600000,0.5341,0.5343,0.5338,0.5338,395256.8,1685967659999,211081.45127,404,149329.5,79751.84450,0
1685967660000,0.5339,0.5339,0.5331,0.5332,1375499.3,1685967719999,733750.56893,761,480728.4,256462.27768,0
1685967720000,0.5332,0.5332,0.5326,0.5328,1692734.1,1685967779999,902008.72372,866,764478.9,407377.06834,0
1685967780000,0.5328,0.5331,0.5327,0.5330,528794.5,1685967839999,281795.39346,294,384943.9,205134.27645,0
1685967840000,0.5330,0.5334,0.5328,0.5329,727537.2,1685967899999,387856.05619,378,459990.8,245242.19836,0
1685967900000,0.5328,0.5331,0.5328,0.5329,405589.6,1685967959999,216164.43360,302,121740.3,64884.80216,0
1685967960000,0.5328,0.5331,0.5328,0.5328,391098.3,1685968019999,208427.19875,288,222093.3,118365.44165,0
1685968020000,0.5328,0.5333,0.5327,0.5330,787871.6,1685968079999,419993.37944,365,468197.2,249600.90164,0
1685968080000,0.5331,0.5331,0.5330,0.5330,219999.0,1685968139999,117268.96050,184,94935.0,50609.84850,0
1685968140000,0.5330,0.5333,0.5329,0.5331,305973.1,1685968199999,163105.81476,282,156005.6,83167.06868,0
1685968200000,0.5331,0.5332,0.5329,0.5329,531339.2,1685968259999,283228.95026,330,285977.0,152449.65229,0
1685968260000,0.5330,0.5333,0.5329,0.5332,334262.3,1685968319999,178211.94035,261,148262.8,79047.31369,0
1685968320000,0.5331,0.5332,0.5326,0.5327,612513.4,1685968379999,326409.89598,269,127668.8,68029.39390,0
1685968380000,0.5327,0.5328,0.5324,0.5324,482483.6,1685968439999,256927.78291,365,122060.6,65000.68704,0
1685968440000,0.5324,0.5325,0.5321,0.5323,923727.6,1685968499999,491735.88924,566,437774.2,233050.10061,0
1685968500000,0.5323,0.5328,0.5322,0.5323,868424.2,1685968559999,462450.86596,409,481712.5,256530.50748,0
1685968560000,0.5323,0.5323,0.5311,0.5315,2178205.2,1685968619999,1157824.02804,1354,643559.4,342087.96981,0
1685968620000,0.5315,0.5318,0.5315,0.5318,621323.5,1685968679999,330336.28627,354,383316.1,203798.16245,0
1685968680000,0.5317,0.5320,0.5314,0.5315,1917654.1,1685968739999,1019721.02307,686,843754.3,448704.76189,0
1685968740000,0.5315,0.5315,0.5312,0.5313,830853.6,1685968799999,441515.31983,319,436249.3,231837.73837,0
1685968800000,0.5314,0.5316,0.5313,0.5314,478171.5,1685968859999,254117.89598,241,301020.0,159976.33681,0
1685968860000,0.5315,0.5316,0.5314,0.5315,549599.1,1685968919999,292105.54307,250,438625.8,233129.76195,0
1685968920000,0.5315,0.5320,0.5311,0.5312,1242246.0,1685968979999,660338.51221,560,555721.4,295481.80499,0
1685968980000,0.5313,0.5317,0.5312,0.5314,839265.7,1685969039999,445983.27952,330,443888.7,235896.60065,0
1685969040000,0.5314,0.5316,0.5313,0.5316,347231.3,1685969099999,184543.77165,199,251936.7,133902.75326,0
1685969100000,0.5316,0.5321,0.5311,0.5320,1291395.9,1685969159999,686576.75136,586,652004.4,346667.71937,0
1685969160000,0.5320,0.5326,0.5317,0.5318,1679877.7,1685969219999,893978.92460,638,880176.8,468403.70812,0
1685969220000,0.5317,0.5317,0.5300,0.5308,6147424.0,1685969279999,3261886.37419,2422,1745595.8,926379.16452,0
1685969280000,0.5308,0.5314,0.5307,0.5311,1518237.3,1685969339999,806447.21820,606,997629.6,529919.85439,0
1685969340000,0.5312,0.5312,0.5300,0.5305,2815341.4,1685969399999,1493271.37271,884,995858.7,528252.45075,0
1685969400000,0.5305,0.5308,0.5301,0.5306,3537223.1,1685969459999,1876345.05727,1109,2175219.3,1153892.38961,0
1685969460000,0.5305,0.5306,0.5292,0.5295,6146772.0,1685969519999,3255608.18806,2492,2416424.6,1279948.78041,0
1685969520000,0.5295,0.5312,0.5295,0.5311,2572151.3,1685969579999,1364305.07417,1240,1949925.4,1034248.09117,0
1685969580000,0.5310,0.5310,0.5301,0.5301,1432749.3,1685969639999,760179.71457,859,493195.4,261641.38425,0
1685969640000,0.5302,0.5311,0.5301,0.5309,890749.5,1685969699999,472758.16673,469,609282.1,323366.00788,0
1685969700000,0.5309,0.5310,0.5303,0.5306,1394982.8,1685969759999,740143.56521,609,600786.1,318742.59106,0
1685969760000,0.5305,0.5311,0.5302,0.5306,1511613.7,1685969819999,802198.50107,676,961897.9,510518.26040,0
1685969820000,0.5307,0.5308,0.5304,0.5306,950437.0,1685969879999,504285.30661,303,515584.1,273559.45465,0
1685969880000,0.5306,0.5306,0.5302,0.5306,438578.8,1685969939999,232599.33427,268,150110.3,79621.00228,0
1685969940000,0.5306,0.5306,0.5303,0.5305,546045.0,1685969999999,289671.03985,227,391930.9,207922.52994,0
1685970000000,0.5306,0.5306,0.5302,0.5303,1100201.0,1685970059999,583530.02286,560,563083.0,298667.09749,0
1685970060000,0.5303,0.5307,0.5303,0.5307,295337.5,1685970119999,156693.69541,244,178071.9,94484.29030,0
1685970120000,0.5306,0.5307,0.5299,0.5299,1557470.2,1685970179999,825935.53604,592,500365.1,265374.05207,0
1685970180000,0.5298,0.5301,0.5293,0.5300,2341495.4,1685970239999,1240236.42768,1036,1147749.5,607960.80817,0
1685970240000,0.5299,0.5303,0.5291,0.5303,2216864.8,1685970299999,1174198.11680,1057,1181741.7,626004.78202,0
1685970300000,0.5304,0.5305,0.5295,0.5298,1103194.6,1685970359999,584693.78617,685,629713.9,333746.52278,0
1685970360000,0.5297,0.5300,0.5296,0.5299,1566828.7,1685970419999,830137.81824,551,718377.2,380612.06630,0
1685970420000,0.5299,0.5301,0.5296,0.5300,1033732.1,1685970479999,547734.03408,416,620910.2,329002.94502,0
1685970480000,0.5299,0.5307,0.5299,0.5305,754453.6,1685970539999,400148.25106,522,543894.0,288466.81501,0
1685970540000,0.5306,0.5311,0.5305,0.5310,1005403.2,1685970599999,533615.38248,552,632291.3,335619.53877,0
1685970600000,0.5311,0.5315,0.5309,0.5315,1088638.9,1685970659999,578360.38164,679,505543.3,268589.91043,0
1685970660000,0.5314,0.5320,0.5314,0.5320,1160609.9,1685970719999,617155.48002,505,942412.3,501124.17715,0
1685970720000,0.5320,0.5320,0.5308,0.5310,1916747.1,1685970779999,1018272.94415,808,382018.7,202930.83765,0
1685970780000,0.5310,0.5318,0.5310,0.5318,504300.6,1685970839999,268005.17291,362,323902.4,172140.27564,0
1685970840000,0.5318,0.5319,0.5313,0.5314,596515.7,1685970899999,317121.28794,400,334530.2,177854.89715,0
1685970900000,0.5315,0.5317,0.5312,0.5314,674112.9,1685970959999,358272.51226,392,393113.6,208935.74497,0
1685970960000,0.5315,0.5318,0.5312,0.5313,826534.1,1685971019999,439401.35337,520,566584.3,301239.67275,0
1685971020000,0.5313,0.5317,0.5312,0.5314,1231565.6,1685971079999,654494.65246,483,765995.9,407115.73220,0
1685971080000,0.5313,0.5315,0.5305,0.5305,1018925.2,1685971139999,541028.83118,547,341779.7,181483.84315,0
1685971140000,0.5305,0.5312,0.5304,0.5311,675236.0,1685971199999,358472.92426,401,440854.3,234058.77730,0
1685971200000,0.5310,0.5313,0.5310,0.5312,429812.0,1685971259999,228300.19659,280,236613.2,125685.15841,0
1685971260000,0.5311,0.5314,0.5308,0.5313,599492.3,1685971319999,318395.10963,341,266943.5,141769.69159,0
1685971320000,0.5312,0.5314,0.5309,0.5310,367143.7,1685971379999,195008.52858,225,65234.4,34658.01903,0
1685971380000,0.5309,0.5310,0.5308,0.5309,321100.2,1685971439999,170477.89936,240,145686.2,77352.25395,0
1685971440000,0.5310,0.5312,0.5309,0.5311,439258.8,1685971499999,233286.35024,293,246040.6,130677.99777,0
1685971500000,0.5312,0.5315,0.5311,0.5313,346854.8,1685971559999,184312.26333,271,236186.1,125506.98692,0
1685971560000,0.5313,0.5318,0.5313,0.5313,591922.7,1685971619999,314619.50263,355,265759.4,141258.67148,0
1685971620000,0.5313,0.5318,0.5313,0.5317,260670.0,1685971679999,138560.43101,209,206509.3,109774.13048,0
1685971680000,0.5317,0.5319,0.5316,0.5318,782069.7,1685971739999,415881.21925,283,501614.0,266757.12126,0
1685971740000,0.5318,0.5320,0.5316,0.5316,1270935.1,1685971799999,675930.96493,458,515147.0,274025.50021,0
1685971800000,0.5317,0.5320,0.5314,0.5317,1041578.4,1685971859999,553818.18351,512,608118.1,323356.35505,0
1685971860000,0.5316,0.5317,0.5310,0.5310,912498.2,1685971919999,484744.39259,498,440827.9,234177.08822,0
1685971920000,0.5311,0.5315,0.5310,0.5314,443445.1,1685971979999,235575.67704,319,223646.9,118805.05943,0
1685971980000,0.5313,0.5320,0.5313,0.5320,732192.6,1685972039999,389347.97667,377,482081.2,256342.18912,0
1685972040000,0.5319,0.5320,0.5314,0.5315,1672393.8,1685972099999,888974.94226,460,486968.1,258903.95129,0
1685972100000,0.5316,0.5317,0.5311,0.5312,1085253.7,1685972159999,576762.30899,500,364436.3,193703.93682,0
1685972160000,0.5312,0.5317,0.5312,0.5314,835057.6,1685972219999,443826.53886,376,466796.4,248123.01964,0
1685972220000,0.5315,0.5316,0.5312,0.5315,854177.2,1685972279999,453958.43056,375,542130.6,288134.74750,0
1685972280000,0.5314,0.5318,0.5312,0.5313,1157677.3,1685972339999,615188.19543,328,204410.7,108649.14688,0
1685972340000,0.5313,0.5314,0.5312,0.5314,181980.3,1685972399999,96691.57479,117,123401.5,65568.66060,0
1685972400000,0.5314,0.5316,0.5312,0.5314,755601.9,1685972459999,401483.70480,359,368159.8,195637.56659,0
1685972460000,0.5314,0.5317,0.5314,0.5317,263006.9,1685972519999,139813.60021,136,203339.7,108098.53054,0
1685972520000,0.5317,0.5319,0.5315,0.5316,557011.9,1685972579999,296161.60447,258,307989.1,163765.11998,0
1685972580000,0.5317,0.5319,0.5316,0.5318,333883.4,1685972639999,177546.70228,214,194367.1,103365.07193,0
1685972640000,0.5318,0.5320,0.5315,0.5320,1373148.5,1685972699999,730384.92707,313,1151071.4,612306.88638,0
1685972700000,0.5320,0.5324,0.5317,0.5321,1655977.3,1685972759999,881143.88325,806,1052940.8,560269.20193,0
1685972760000,0.5321,0.5330,0.5320,0.5328,1462508.3,1685972819999,778861.22556,790,1227327.3,653597.00311,0
1685972820000,0.5329,0.5329,0.5322,0.5324,3052492.9,1685972879999,1625864.65669,646,761455.2,405521.08792,0
1685972880000,0.5323,0.5324,0.5319,0.5319,773928.8,1685972939999,411913.80272,382,302685.5,161113.04419,0
1685972940000,0.5319,0.5320,0.5312,0.5312,626550.9,1685972999999,333048.63839,399,98221.4,52218.02405,0
1685973000000,0.5313,0.5314,0.5310,0.5313,794736.5,1685973059999,422121.67234,494,286313.2,152082.17441,0
1685973060000,0.5312,0.5313,0.5311,0.5313,489701.3,1685973119999,260109.36823,261,193563.0,102815.41153,0
1685973120000,0.5313,0.5315,0.5310,0.5313,777398.2,1685973179999,412938.12251,361,309714.0,164528.17581,0
1685973180000,0.5313,0.5317,0.5313,0.5315,300211.1,1685973239999,159569.10084,222,136431.0,72516.70366,0
1685973240000,0.5316,0.5319,0.5315,0.5316,492783.8,1685973299999,262024.01089,343,180898.1,96181.21744,0
1685973300000,0.5316,0.5318,0.5315,0.5316,202543.0,1685973359999,107677.95173,191,112390.6,59752.25704,0
1685973360000,0.5317,0.5320,0.5317,0.5317,572798.0,1685973419999,304622.26837,339,300351.5,159732.49228,0
1685973420000,0.5317,0.5318,0.5317,0.5317,68803.1,1685973479999,36585.58729,97,29790.2,15842.42836,0
1685973480000,0.5317,0.5321,0.5317,0.5317,355369.8,1685973539999,189027.96755,271,89021.7,47354.18993,0
1685973540000,0.5317,0.5318,0.5312,0.5313,285844.0,1685973599999,151906.37329,273,154612.2,82160.95253,0
1685973600000,0.5314,0.5318,0.5310,0.5314,975254.7,1685973659999,518240.44406,661,476148.5,253055.53603,0
1685973660000,0.5315,0.5324,0.5314,0.5320,1287461.8,1685973719999,684920.17464,831,843412.5,448681.37107,0
1685973720000,0.5320,0.5327,0.5320,0.5322,2020911.5,1685973779999,1075698.01651,921,1195433.2,636327.45444,0
1685973780000,0.5322,0.5328,0.5322,0.5323,1022726.8,1685973839999,544669.64389,653,492449.0,262279.71320,0
1685973840000,0.5324,0.5329,0.5324,0.5329,761296.7,1685973899999,405576.33781,480,487815.6,259876.86885,0
1685973900000,0.5328,0.5330,0.5323,0.5324,682193.8,1685973959999,363470.30874,535,261349.9,139279.67511,0
1685973960000,0.5324,0.5325,0.5321,0.5325,422448.4,1685974019999,224892.61957,337,314880.8,167630.11161,0
1685974020000,0.5324,0.5330,0.5324,0.5326,538022.5,1685974079999,286613.85747,369,274779.1,146363.49182,0
1685974080000,0.5327,0.5327,0.5322,0.5325,457755.4,1685974139999,243709.26899,312,158244.9,84259.19171,0
1685974140000,0.5325,0.5325,0.5317,0.5320,860621.5,1685974199999,457874.67531,487,347802.7,185029.68843,0
1685974200000,0.5320,0.5324,0.5319,0.5322,767599.8,1685974259999,408473.86008,374,444662.8,236620.71884,0
1685974260000,0.5322,0.5324,0.5320,0.5324,407523.8,1685974319999,216893.76623,315,203284.5,108196.42627,0
1685974320000,0.5325,0.5328,0.5324,0.5326,725183.6,1685974379999,386219.92104,403,398556.2,212270.50070,0
1685974380000,0.5326,0.5327,0.5323,0.5326,437725.9,1685974439999,233069.97428,267,151812.0,80841.67960,0
1685974440000,0.5326,0.5327,0.5320,0.5320,533954.0,1685974499999,284213.93525,294,124731.0,66386.94020,0
1685974500000,0.5321,0.5321,0.5314,0.5316,800535.8,1685974559999,425657.99631,549,276745.2,147144.13196,0
1685974560000,0.5316,0.5320,0.5313,0.5316,725282.7,1685974619999,385601.19773,423,405123.9,215398.82617,0
1685974620000,0.5317,0.5321,0.5317,0.5320,346548.7,1685974679999,184322.47215,231,204205.5,108611.52047,0
1685974680000,0.5321,0.5324,0.5320,0.5321,607300.3,1685974739999,323193.15419,329,326975.1,174014.06128,0
1685974740000,0.5320,0.5322,0.5320,0.5322,219360.3,1685974799999,116717.97838,191,85094.1,45282.08308,0
1685974800000,0.5322,0.5326,0.5321,0.5324,894695.5,1685974859999,476304.62779,476,436558.3,232395.09396,0
1685974860000,0.5324,0.5328,0.5321,0.5327,653173.2,1685974919999,347805.70546,388,407421.6,216951.70640,0
1685974920000,0.5328,0.5328,0.5325,0.5328,351849.2,1685974979999,187422.26631,273,175219.9,93342.19357,0
1685974980000,0.5329,0.5330,0.5326,0.5327,868875.2,1685975039999,462963.17189,382,421842.5,224796.18783,0
1685975040000,0.5327,0.5328,0.5323,0.5325,891488.5,1685975099999,474748.84889,464,213100.2,113488.40016,0
1685975100000,0.5325,0.5331,0.5325,0.5330,450477.9,1685975159999,240032.82077,382,317213.5,169039.46471,0
1685975160000,0.5331,0.5332,0.5326,0.5327,640570.8,1685975219999,341384.23532,416,291549.8,155385.75673,0
1685975220000,0.5327,0.5331,0.5327,0.5329,679654.5,1685975279999,362184.25423,334,377325.6,201086.56914,0
1685975280000,0.5328,0.5328,0.5326,0.5327,538670.6,1685975339999,286966.69011,308,306730.3,163416.28584,0
1685975340000,0.5327,0.5329,0.5323,0.5324,268655.1,1685975399999,143106.79547,255,34083.3,18159.21287,0
1685975400000,0.5323,0.5328,0.5321,0.5324,1081284.7,1685975459999,575687.27915,659,487596.5,259620.52252,0
1685975460000,0.5324,0.5328,0.5323,0.5327,491700.1,1685975519999,261855.31141,404,357486.7,190385.01835,0
1685975520000,0.5328,0.5330,0.5327,0.5329,337487.2,1685975579999,179832.27438,249,159739.5,85122.72083,0
1685975580000,0.5330,0.5334,0.5329,0.5334,624772.8,1685975639999,333097.83280,411,523961.8,279360.96727,0
1685975640000,0.5334,0.5344,0.5333,0.5342,3395159.0,1685975699999,1813156.79885,1667,2428336.6,1296846.93188,0
1685975700000,0.5342,0.5349,0.5341,0.5348,3342954.4,1685975759999,1787012.86973,1544,2387477.5,1276273.80782,0
1685975760000,0.5348,0.5349,0.5345,0.5345,2583420.2,1685975819999,1381380.72969,774,1620538.5,866589.65901,0
1685975820000,0.5346,0.5367,0.5345,0.5359,7134958.8,1685975879999,3823289.29206,3697,4686759.2,2510966.90449,0
1685975880000,0.5358,0.5367,0.5351,0.5364,4483948.8,1685975939999,2403447.56157,1713,2442681.8,1309255.29951,0
1685975940000,0.5364,0.5369,0.5359,0.5368,1799075.6,1685975999999,965042.11199,1017,962523.9,516381.04358,0
1685976000000,0.5369,0.5369,0.5361,0.5362,1745872.5,1685976059999,936744.87843,903,575606.5,308894.06417,0
1685976060000,0.5362,0.5390,0.5362,0.5379,6742421.3,1685976119999,3626139.27976,4663,4549353.4,2446534.59871,0
1685976120000,0.5379,0.5381,0.5366,0.5370,3714838.1,1685976179999,1996092.71330,1968,1433966.5,770549.29227,0
1685976180000,0.5370,0.5372,0.5362,0.5367,3170391.2,1685976239999,1701264.86159,1500,1228536.8,659268.21960,0
1685976240000,0.5366,0.5378,0.5366,0.5376,1827394.6,1685976299999,981831.66197,1020,1123240.7,603467.70763,0
1685976300000,0.5376,0.5378,0.5370,0.5370,2084323.1,1685976359999,1120333.45330,985,1048074.8,563427.44920,0
1685976360000,0.5371,0.5371,0.5356,0.5360,5196556.9,1685976419999,2786943.28831,2080,1705654.5,914676.44432,0
1685976420000,0.5359,0.5363,0.5356,0.5361,1375932.8,1685976479999,737423.74015,722,828227.5,443883.28631,0
1685976480000,0.5362,0.5363,0.5359,0.5359,835321.9,1685976539999,447747.11949,409,402711.5,215851.59127,0
1685976540000,0.5359,0.5363,0.5358,0.5361,960716.9,1685976599999,515051.48772,461,517444.5,277413.25592,0
1685976600000,0.5362,0.5370,0.5361,0.5369,1362879.6,1685976659999,731239.80926,684,1122953.5,602563.15227,0
1685976660000,0.5369,0.5370,0.5364,0.5367,759476.9,1685976719999,407576.01336,425,361069.0,193780.53361,0
1685976720000,0.5366,0.5368,0.5359,0.5359,1736196.7,1685976779999,931216.34119,711,566050.9,303626.93425,0
1685976780000,0.5360,0.5361,0.5357,0.5360,1458953.8,1685976839999,781823.63989,630,561025.6,300670.42262,0
1685976840000,0.5360,0.5364,0.5360,0.5362,431327.2,1685976899999,231253.63292,283,136263.9,73065.30833,0
1685976900000,0.5362,0.5365,0.5361,0.5363,683214.1,1685976959999,366414.39121,342,355698.9,190764.72265,0
1685976960000,0.5363,0.5368,0.5362,0.5368,453624.2,1685977019999,243353.15173,417,292084.1,156704.66195,0
1685977020000,0.5368,0.5368,0.5363,0.5364,538597.1,1685977079999,289015.52382,386,232969.8,125030.29210,0
1685977080000,0.5364,0.5365,0.5355,0.5358,2483797.3,1685977139999,1330984.89178,930,789076.3,422847.55360,0
1685977140000,0.5359,0.5360,0.5356,0.5357,606556.2,1685977199999,324997.15687,320,212426.1,113834.05566,0
1685977200000,0.5357,0.5366,0.5357,0.5366,2276250.8,1685977259999,1220865.12322,1140,1263877.0,677894.60022,0
1685977260000,0.5366,0.5371,0.5357,0.5358,2107580.4,1685977319999,1130868.03536,1033,900774.8,483515.94452,0
1685977320000,0.5357,0.5360,0.5327,0.5328,10202601.2,1685977379999,5449660.74712,4415,3472684.7,1855271.54418,0
1685977380000,0.5327,0.5334,0.5298,0.5313,16318600.5,1685977439999,8676850.06445,7563,7362058.8,3915071.09581,0
1685977440000,0.5312,0.5319,0.5283,0.5316,12951005.1,1685977499999,6861960.63042,6163,5900300.4,3127775.20669,0
1685977500000,0.5316,0.5320,0.5310,0.5316,4978476.6,1685977559999,2646457.62164,2200,2613980.8,1389637.02350,0
1685977560000,0.5315,0.5316,0.5296,0.5299,5529040.3,1685977619999,2933079.50355,2416,2133176.6,1131843.36115,0
1685977620000,0.5298,0.5302,0.5290,0.5293,4941439.2,1685977679999,2617078.92600,2172,2492326.4,1320156.82779,0
1685977680000,0.5292,0.5296,0.5279,0.5295,6742784.9,1685977739999,3563696.38504,3493,2915277.2,1541115.01100,0
1685977740000,0.5296,0.5320,0.5287,0.5314,4972685.7,1685977799999,2638668.66206,2816,2956046.1,1568545.10240,0
1685977800000,0.5314,0.5326,0.5309,0.5318,6093230.9,1685977859999,3239795.84430,2558,3368579.5,1791185.67533,0
1685977860000,0.5317,0.5321,0.5312,0.5318,2998122.3,1685977919999,1594337.47006,1435,1432201.6,761670.00708,0
1685977920000,0.5318,0.5325,0.5317,0.5319,2088363.0,1685977979999,1111247.75980,964,1107231.3,589191.27606,0
1685977980000,0.5319,0.5321,0.5306,0.5312,3711402.6,1685978039999,1971780.08066,1534,1165186.9,619052.99808,0
1685978040000,0.5312,0.5312,0.5305,0.5312,2074238.1,1685978099999,1100974.53294,1028,1018264.0,540520.74305,0
1685978100000,0.5312,0.5312,0.5288,0.5289,4774890.3,1685978159999,2530475.75173,2123,1547077.9,820061.18014,0
1685978160000,0.5288,0.5292,0.5280,0.5284,5725108.1,1685978219999,3025609.11746,2652,2696967.8,1425403.50320,0
1685978220000,0.5284,0.5293,0.5283,0.5285,3911400.8,1685978279999,2068697.67719,1639,2002285.6,1059031.48276,0
1685978280000,0.5285,0.5286,0.5199,0.5214,45893950.1,1685978339999,24046790.37266,23387,17171376.9,8998446.41700,0
1685978340000,0.5215,0.5243,0.5203,0.5243,12673808.5,1685978399999,6623407.94230,5983,7434458.7,3885703.61644,0
1685978400000,0.5243,0.5257,0.5229,0.5244,8001828.0,1685978459999,4194832.70834,3985,4547924.9,2384595.38871,0
1685978460000,0.5244,0.5253,0.5241,0.5244,4809592.3,1685978519999,2523581.76637,2006,2407774.3,1263215.96462,0
1685978520000,0.5245,0.5250,0.5241,0.5246,3314532.2,1685978579999,1738808.25230,1523,1815375.5,952388.53928,0
1685978580000,0.5247,0.5254,0.5244,0.5248,4150587.5,1685978639999,2178908.09292,1730,2295512.1,1205121.49018,0
1685978640000,0.5247,0.5248,0.5230,0.5233,5487869.5,1685978699999,2873932.26612,2429,1790103.3,937454.42646,0
1685978700000,0.5232,0.5234,0.5208,0.5217,9887336.9,1685978759999,5162067.91207,4238,4645975.3,2425765.16083,0
1685978760000,0.5218,0.5221,0.5120,0.5172,35599589.3,1685978819999,18401909.09588,23293,11824688.2,6118956.40782,0
1685978820000,0.5172,0.5211,0.5150,0.5205,14773110.6,1685978879999,7661321.23424,7670,7508858.7,3895080.74623,0
1685978880000,0.5205,0.5214,0.5196,0.5211,6137678.0,1685978939999,3193443.39177,3063,3204066.5,1667366.59520,0
1685978940000,0.5211,0.5213,0.5194,0.5196,4586785.9,1685978999999,2386912.23102,2327,2085470.7,1085308.95399,0
1685979000000,0.5196,0.5203,0.5178,0.5196,8218401.4,1685979059999,4265748.29075,4356,4411681.1,2290241.87006,0
1685979060000,0.5195,0.5198,0.5168,0.5176,6625631.5,1685979119999,3434548.41372,3470,3151962.2,1634216.14473,0
1685979120000,0.5175,0.5192,0.5165,0.5188,6315950.5,1685979179999,3270600.27261,3358,3336863.6,1728222.41800,0
1685979180000,0.5187,0.5198,0.5186,0.5196,4336953.5,1685979239999,2252247.52187,2171,2337484.8,1213929.12528,0
1685979240000,0.5197,0.5200,0.5189,0.5196,2920044.9,1685979299999,1517256.65820,1651,1474879.7,766407.17532,0
1685979300000,0.5196,0.5200,0.5179,0.5180,4723671.7,1685979359999,2451445.65554,2084,1802731.0,935889.52553,0
1685979360000,0.5179,0.5181,0.5165,0.5172,7136621.6,1685979419999,3690714.85827,3154,3033608.3,1568977.15975,0
1685979420000,0.5173,0.5186,0.5168,0.5185,4428130.5,1685979479999,2293204.33569,2132,2565846.9,1328769.50209,0
1685979480000,0.5186,0.5193,0.5184,0.5192,2567772.2,1685979539999,1332067.13179,1406,1529204.0,793387.12561,0
1685979540000,0.5193,0.5213,0.5191,0.5212,6315055.5,1685979599999,3285902.88382,3019,3911741.3,2035475.67155,0
1685979600000,0.5213,0.5217,0.5198,0.5199,9253276.0,1685979659999,4819551.73913,3567,4604675.9,2398582.53454,0
1685979660000,0.5199,0.5244,0.5199,0.5226,24018684.3,1685979719999,12559346.52716,8631,14849964.3,7764122.10897,0
1685979720000,0.5225,0.5235,0.5223,0.5227,6041848.5,1685979779999,3159634.98630,1938,3404191.2,1780298.69195,0
1685979780000,0.5226,0.5240,0.5223,0.5231,4539839.0,1685979839999,2375647.83662,1785,2104819.5,1101290.86829,0
1685979840000,0.5232,0.5234,0.5208,0.5217,8457626.9,1685979899999,4413758.20221,3094,3067737.3,1601045.04293,0
1685979900000,0.5217,0.5219,0.5187,0.5192,10211760.4,1685979959999,5313514.19864,4330,3658236.5,1904145.32449,0
1685979960000,0.5193,0.5194,0.5180,0.5185,5811244.6,1685980019999,3013429.87033,2795,2477507.8,1284692.99895,0
1685980020000,0.5185,0.5193,0.5182,0.5189,3806201.4,1685980079999,1974002.80585,1396,2621725.4,1359654.20594,0
1685980080000,0.5190,0.5190,0.5167,0.5178,8567493.6,1685980139999,4433781.34471,3696,3351089.6,1734136.20868,0
1685980140000,0.5178,0.5188,0.5177,0.5188,2428921.8,1685980199999,1258444.82188,1289,1569247.0,813049.36271,0
1685980200000,0.5188,0.5190,0.5164,0.5169,5968973.6,1685980259999,3088770.75714,2977,2308492.2,1194884.54212,0
1685980260000,0.5170,0.5176,0.5125,0.5137,18995030.2,1685980319999,9778177.35977,8657,6390286.9,3289518.14410,0
1685980320000,0.5136,0.5154,0.5087,0.5136,24855745.6,1685980379999,12737363.66988,13266,10549488.1,5410121.96092,0
1685980380000,0.5137,0.5149,0.5121,0.5146,8278078.9,1685980439999,4252170.03137,4365,4355207.7,2237301.66917,0
1685980440000,0.5147,0.5154,0.5141,0.5143,4463642.2,1685980499999,2297777.01655,2206,2026441.9,1043261.55416,0
1685980500000,0.5144,0.5146,0.5133,0.5144,4891826.6,1685980559999,2514184.50715,2425,2432455.7,1250195.57161,0
1685980560000,0.5143,0.5146,0.5113,0.5115,8358338.0,1685980619999,4282787.26075,3958,3742953.7,1917997.04171,0
1685980620000,0.5114,0.5115,0.5076,0.5082,22582784.7,1685980679999,11507108.83810,10727,9148523.0,4663221.53834,0
1685980680000,0.5082,0.5093,0.5067,0.5079,11769958.1,1685980739999,5978153.97266,5705,5184550.9,2634597.71416,0
1685980740000,0.5077,0.5085,0.5015,0.5039,22741426.2,1685980799999,11485158.35529,15813,8927733.3,4512957.12119,0
1685980800000,0.5038,0.5053,0.5010,0.5030,15968971.5,1685980859999,8033682.09557,9939,7705081.8,3878900.16581,0
1685980860000,0.5028,0.5031,0.4951,0.5020,22693409.8,1685980919999,11347616.32227,14565,9149969.5,4582878.91530,0
1685980920000,0.5019,0.5022,0.4900,0.4938,31252919.5,1685980979999,15514439.05419,24122,12900640.5,6415894.61572,0
1685980980000,0.4937,0.4980,0.4824,0.4901,25659246.3,1685981039999,12625961.65854,15744,9580493.1,4734821.96221,0
1685981040000,0.4900,0.4950,0.4816,0.4902,19830421.8,1685981099999,9739347.90445,15384,10390635.1,5109475.41022,0
1685981100000,0.4904,0.4936,0.4822,0.4932,23223425.9,1685981159999,11370066.86453,18215,10054678.0,4933512.12698,0
1685981160000,0.4932,0.5015,0.4917,0.4998,15955625.4,1685981219999,7904134.36140,10462,9966890.4,4942014.01362,0
1685981220000,0.4998,0.5060,0.4972,0.5025,16667592.7,1685981279999,8368431.87316,14123,9258178.7,4651165.26288,0
1685981280000,0.5023,0.5070,0.4999,0.5047,14360716.7,1685981339999,7224890.46492,9696,7955776.1,4004915.77572,0
1685981340000,0.5048,0.5107,0.5022,0.5061,16609932.5,1685981399999,8401778.70596,13154,9051545.1,4584790.95532,0
1685981400000,0.5060,0.5111,0.5055,0.5092,14972511.7,1685981459999,7616429.88076,10034,7157240.9,3641341.24702,0
1685981460000,0.5092,0.5109,0.5072,0.5090,14275925.8,1685981519999,7265153.25760,6972,6607958.2,3364198.61311,0
1685981520000,0.5090,0.5094,0.5064,0.5075,11132270.1,1685981579999,5651375.81394,4407,6136110.5,3115154.66728,0
1685981580000,0.5076,0.5090,0.5065,0.5090,7922312.4,1685981639999,4021420.52735,3149,4599911.0,2335407.25873,0
1685981640000,0.5089,0.5114,0.5084,0.5103,13238734.3,1685981699999,6749280.01003,5796,6828971.8,3482142.03696,0
1685981700000,0.5103,0.5112,0.5098,0.5106,7742615.5,1685981759999,3951636.36803,3160,3771245.3,1925068.20057,0
1685981760000,0.5106,0.5106,0.5061,0.5074,7624731.8,1685981819999,3877027.67181,4643,2987509.3,1518861.25287,0
1685981820000,0.5074,0.5100,0.5060,0.5098,8574755.8,1685981879999,4356790.76621,4796,4155797.8,2111558.73269,0
1685981880000,0.5097,0.5099,0.5083,0.5088,5140127.2,1685981939999,2615994.88878,2920,2494200.6,1269413.90948,0
1685981940000,0.5088,0.5095,0.5073,0.5079,9068059.0,1685981999999,4610387.40913,4383,4889970.6,2486569.79485,0
1685982000000,0.5079,0.5079,0.5056,0.5064,11852776.4,1685982059999,6003710.30508,4587,5611018.4,2841960.03361,0
1685982060000,0.5063,0.5065,0.5039,0.5056,8948593.1,1685982119999,4520717.15933,4143,4035213.4,2038656.78798,0
1685982120000,0.5055,0.5060,0.5044,0.5052,5155933.6,1685982179999,2604477.63129,2162,2152955.6,1087621.69485,0
1685982180000,0.5053,0.5070,0.5048,0.5053,6932080.8,1685982239999,3507684.62330,3112,3241413.7,1640233.25630,0
1685982240000,0.5054,0.5081,0.5051,0.5073,5618354.4,1685982299999,2847047.80737,2828,3045632.1,1543546.56827,0
1685982300000,0.5073,0.5075,0.5054,0.5055,4835357.1,1685982359999,2448463.69907,2295,2154332.6,1090725.81350,0
1685982360000,0.5056,0.5066,0.5053,0.5062,5874511.3,1685982419999,2971976.86322,2572,3009575.1,1522687.67894,0
1685982420000,0.5063,0.5074,0.5060,0.5064,4220889.6,1685982479999,2138091.30720,2253,1948439.9,987047.03460,0
1685982480000,0.5064,0.5068,0.5050,0.5067,6459204.0,1685982539999,3267739.04435,2821,2645642.0,1338642.97595,0
1685982540000,0.5067,0.5073,0.5059,0.5059,5182186.2,1685982599999,2625030.87216,2212,2335138.5,1183071.07330,0
1685982600000,0.5059,0.5062,0.5045,0.5048,4489427.2,1685982659999,2269018.32302,2649,2039060.2,1030651.30454,0
1685982660000,0.5047,0.5056,0.5036,0.5037,5724881.6,1685982719999,2888385.89203,2953,2119669.4,1069581.71975,0
1685982720000,0.5037,0.5037,0.5020,0.5025,7272977.2,1685982779999,3657231.79450,4234,3333419.2,1676378.99485,0
1685982780000,0.5025,0.5040,0.5024,0.5029,5111529.0,1685982839999,2573226.45771,2429,2787995.8,1403569.70599,0
1685982840000,0.5030,0.5038,0.5029,0.5034,2986156.4,1685982899999,1503115.79825,1629,1265470.4,637028.68350,0
1685982900000,0.5034,0.5042,0.5029,0.5030,3680666.0,1685982959999,1853596.47442,1936,1718728.7,865568.55649,0
1685982960000,0.5029,0.5039,0.5021,0.5023,3867881.6,1685983019999,1945289.21123,1883,1540239.0,774760.43507,0
1685983020000,0.5024,0.5036,0.5023,0.5035,2950605.3,1685983079999,1483909.08875,1334,1241445.0,624413.08891,0
1685983080000,0.5035,0.5048,0.5034,0.5044,3822713.8,1685983139999,1928232.73099,1888,2037078.7,1027485.01245,0
1685983140000,0.5045,0.5061,0.5043,0.5046,8913501.9,1685983199999,4503578.47228,3242,5096585.0,2575202.54872,0
1685983200000,0.5046,0.5047,0.5029,0.5031,3227409.8,1685983259999,1625051.23060,1884,1414634.2,712301.69601,0
1685983260000,0.5031,0.5043,0.5029,0.5041,2942436.0,1685983319999,1480977.05879,1455,1249739.3,629124.08799,0
1685983320000,0.5041,0.5051,0.5038,0.5047,2987742.2,1685983379999,1506670.50885,1680,1569640.1,791548.54056,0
1685983380000,0.5047,0.5058,0.5043,0.5054,2762102.9,1685983439999,1395380.98227,1590,1320896.9,667305.61821,0
1685983440000,0.5054,0.5058,0.5045,0.5047,2098268.9,1685983499999,1060154.65862,1172,1069388.3,540318.51606,0
1685983500000,0.5048,0.5052,0.5040,0.5041,3189755.3,1685983559999,1609173.21041,1731,1330986.9,671462.02738,0
1685983560000,0.5041,0.5042,0.5030,0.5034,4274218.2,1685983619999,2152575.66381,1960,1889202.7,951554.38524,0
1685983620000,0.5033,0.5041,0.5033,0.5036,2681886.8,1685983679999,1350816.27813,1296,1337077.6,673515.71577,0
1685983680000,0.5035,0.5040,0.5032,0.5036,1267140.3,1685983739999,638125.61334,856,730502.8,367864.75561,0
1685983740000,0.5037,0.5037,0.5007,0.5015,8216368.0,1685983799999,4125980.74984,3824,2828823.1,1420610.39091,0
1685983800000,0.5015,0.5032,0.5013,0.5022,4843518.4,1685983859999,2433438.22667,2416,2200152.7,1105429.35077,0
1685983860000,0.5022,0.5034,0.5019,0.5030,4090761.0,1685983919999,2056561.30026,1997,2335255.4,1174177.28157,0
1685983920000,0.5029,0.5045,0.5028,0.5044,3183566.1,1685983979999,1603689.40166,1846,2005904.0,1010532.61596,0
1685983980000,0.5044,0.5047,0.5036,0.5041,2448116.7,1685984039999,1234338.20789,1375,1245558.1,628043.21737,0
1685984040000,0.5041,0.5049,0.5038,0.5043,3396563.6,1685984099999,1713231.98664,1549,1372847.5,692517.61806,0
1685984100000,0.5042,0.5045,0.5032,0.5036,3104793.0,1685984159999,1564379.34797,1825,1455892.4,733665.80344,0
1685984160000,0.5036,0.5036,0.5027,0.5032,1928481.4,1685984219999,970402.56304,1308,823977.1,414629.00833,0
1685984220000,0.5032,0.5037,0.5029,0.5030,1245640.1,1685984279999,627016.02725,845,700920.8,352843.55808,0
1685984280000,0.5031,0.5040,0.5029,0.5038,1407074.2,1685984339999,708402.80452,964,827399.3,416570.39579,0
1685984340000,0.5038,0.5045,0.5035,0.5044,1745257.7,1685984399999,879592.52257,1069,850669.1,428761.82095,0
1685984400000,0.5045,0.5045,0.5031,0.5034,2945749.4,1685984459999,1484542.25426,1803,1090630.1,549724.68346,0
1685984460000,0.5034,0.5035,0.5027,0.5031,2064376.6,1685984519999,1038494.10976,1338,924061.6,464867.45921,0
1685984520000,0.5030,0.5032,0.5022,0.5023,1783376.3,1685984579999,896516.29850,1062,783762.8,394054.45263,0
1685984580000,0.5024,0.5024,0.5018,0.5024,2922968.3,1685984639999,1467479.38664,1555,1297036.5,651223.04104,0
1685984640000,0.5023,0.5031,0.5013,0.5016,2905651.0,1685984699999,1458955.22974,1611,1556532.6,781489.42832,0
1685984700000,0.5015,0.5017,0.5007,0.5008,2916897.6,1685984759999,1462192.48811,1579,1104022.4,553495.38339,0
1685984760000,0.5008,0.5020,0.5007,0.5012,4969272.9,1685984819999,2491737.51426,1986,3039943.5,1524504.92413,0
1685984820000,0.5013,0.5013,0.4995,0.4996,5343014.5,1685984879999,2672876.85529,2708,1576704.5,788944.33004,0
1685984880000,0.4996,0.5020,0.4984,0.5018,7053386.3,1685984939999,3525934.50533,3934,3082883.7,1542416.16631,0
1685984940000,0.5017,0.5019,0.5008,0.5014,2693848.6,1685984999999,1350265.66039,1265,1383129.6,693281.82875,0
1685985000000,0.5014,0.5017,0.4998,0.4999,3029428.4,1685985059999,1517008.35464,1737,917723.6,459627.50247,0
1685985060000,0.5000,0.5005,0.4998,0.5004,1633046.5,1685985119999,816962.77257,973,996998.7,498790.45534,0
1685985120000,0.5004,0.5013,0.5003,0.5012,2231790.7,1685985179999,1117711.80793,1089,1300179.2,651117.27857,0
1685985180000,0.5011,0.5014,0.5009,0.5010,1269363.2,1685985239999,636159.28693,817,569100.7,285233.26556,0
1685985240000,0.5010,0.5012,0.5002,0.5002,1018417.7,1685985299999,509925.58748,688,375370.8,187969.88490,0
1685985300000,0.5002,0.5004,0.4991,0.4999,2688566.8,1685985359999,1343972.89721,1597,1204855.1,602316.32682,0
1685985360000,0.4998,0.4999,0.4981,0.4985,4624794.5,1685985419999,2306448.57200,2145,1517949.9,756999.10969,0
1685985420000,0.4985,0.4995,0.4985,0.4990,2634370.3,1685985479999,1314597.98257,1323,1394818.1,696030.22512,0
1685985480000,0.4991,0.5001,0.4988,0.5001,2444435.2,1685985539999,1221077.25713,1510,1465799.5,732286.78499,0
1685985540000,0.5000,0.5002,0.4989,0.4989,2793191.0,1685985599999,1395551.78702,1293,628842.1,314323.25909,0
1685985600000,0.4990,0.4990,0.4951,0.4957,10975356.3,1685985659999,5454301.08618,4961,3086885.9,1534549.57986,0
1685985660000,0.4956,0.4971,0.4941,0.4955,14759301.8,1685985719999,7315808.05911,5939,5696877.2,2823184.09167,0
1685985720000,0.4955,0.4956,0.4929,0.4936,9479808.2,1685985779999,4682652.40659,4239,3475387.6,1716455.38970,0
1685985780000,0.4936,0.4957,0.4934,0.4955,3481424.0,1685985839999,1722636.64520,2228,2174532.0,1075877.17914,0
1685985840000,0.4955,0.4959,0.4949,0.4955,2058808.2,1685985899999,1020105.18525,1364,1138491.7,564113.70967,0
1685985900000,0.4956,0.4958,0.4941,0.4947,4282081.5,1685985959999,2119347.45320,1747,1895348.9,937886.17655,0
1685985960000,0.4948,0.4952,0.4939,0.4948,2003570.9,1685986019999,990936.89342,1143,1071211.5,529803.88483,0
1685986020000,0.4947,0.4949,0.4938,0.4942,1997656.7,1685986079999,987674.59175,926,700058.2,346174.24574,0
1685986080000,0.4941,0.4944,0.4915,0.4921,8899982.5,1685986139999,4384919.84546,4055,3191684.8,1572472.95359,0
1685986140000,0.4920,0.4930,0.4915,0.4929,6562665.9,1685986199999,3231069.98379,2793,3218652.8,1584893.07775,0
1685986200000,0.4928,0.4930,0.4906,0.4907,4813853.6,1685986259999,2366936.50830,3032,1552489.5,763510.96174,0
1685986260000,0.4906,0.4920,0.4899,0.4920,5699823.4,1685986319999,2798368.68598,3534,2412313.4,1184937.40605,0
1685986320000,0.4920,0.4927,0.4913,0.4921,2986306.3,1685986379999,1469660.41398,1700,1596547.4,785767.97054,0
1685986380000,0.4921,0.4923,0.4909,0.4920,2737265.9,1685986439999,1346004.69651,1400,1281489.2,630111.74583,0
1685986440000,0.4920,0.4934,0.4919,0.4932,3503114.8,1685986499999,1726122.26557,1768,2306960.3,1136612.17698,0
1685986500000,0.4931,0.4947,0.4930,0.4938,5050166.3,1685986559999,2494881.28089,2612,2809357.9,1387978.86713,0
1685986560000,0.4938,0.4950,0.4935,0.4949,2883048.1,1685986619999,1424843.65827,1998,1630005.9,805524.66470,0
1685986620000,0.4949,0.4957,0.4944,0.4953,3862364.3,1685986679999,1912213.48860,2214,2261945.5,1119832.44742,0
1685986680000,0.4953,0.4972,0.4953,0.4971,4183084.9,1685986739999,2076257.43704,2605,2373478.8,1178041.05565,0
1685986740000,0.4971,0.4977,0.4966,0.4977,3971778.7,1685986799999,1974053.69990,2057,2118102.1,1052844.00677,0
1685986800000,0.4978,0.4978,0.4966,0.4969,4272785.1,1685986859999,2123783.33809,2028,1661527.8,825800.34108,0
1685986860000,0.4968,0.4972,0.4962,0.4963,2665085.0,1685986919999,1323924.93868,1526,1089470.3,541270.90813,0
1685986920000,0.4962,0.4974,0.4962,0.4973,2216090.5,1685986979999,1101269.43978,1334,1311264.6,651591.93441,0
1685986980000,0.4974,0.4985,0.4973,0.4982,2450344.8,1685987039999,1220061.43952,1665,1349987.9,672157.96586,0
1685987040000,0.4981,0.5004,0.4980,0.5002,5074557.8,1685987099999,2534771.91753,3220,2998285.6,1497562.09696,0
1685987100000,0.5001,0.5002,0.4984,0.4986,5014030.9,1685987159999,2503876.83006,2565,1924913.9,961305.96916,0
1685987160000,0.4985,0.5003,0.4984,0.4998,5391165.7,1685987219999,2692041.73634,2262,3382193.9,1689123.01729,0
1685987220000,0.4998,0.4999,0.4992,0.4996,2403388.8,1685987279999,1200571.58893,1191,1131678.0,565336.42893,0
1685987280000,0.4996,0.4996,0.4990,0.4994,1791512.4,1685987339999,894522.29367,867,866431.3,432625.11051,0
1685987340000,0.4993,0.4998,0.4991,0.4992,1608176.0,1685987399999,803131.71759,776,1054899.7,526833.92627,0
1685987400000,0.4993,0.4994,0.4979,0.4983,3247075.3,1685987459999,1618514.66208,1747,1066169.5,531418.95884,0
1685987460000,0.4983,0.4992,0.4979,0.4987,1558460.2,1685987519999,776853.62415,941,786468.0,392078.79807,0
1685987520000,0.4986,0.4997,0.4984,0.4997,1419462.6,1685987579999,708227.67335,811,986088.0,492090.66588,0
1685987580000,0.4997,0.4997,0.4989,0.4996,2184130.4,1685987639999,1090400.73677,998,1034855.7,516649.88458,0
1685987640000,0.4996,0.4999,0.4992,0.4996,1629289.3,1685987699999,813911.02455,946,748298.3,373835.01939,0
1685987700000,0.4995,0.4997,0.4991,0.4997,839985.3,1685987759999,419406.67755,679,380858.9,190183.56591,0
1685987760000,0.4997,0.5000,0.4994,0.4999,1376680.3,1685987819999,687959.86119,708,679069.0,339368.53920,0
1685987820000,0.4999,0.5003,0.4998,0.4998,1917842.7,1685987879999,958955.53650,1066,716960.7,358525.39562,0
1685987880000,0.4998,0.5008,0.4996,0.5008,1535627.9,1685987939999,767971.74014,933,1035338.9,517868.58606,0
1685987940000,0.5008,0.5012,0.5007,0.5009,2743373.6,1685987999999,1374169.67643,1510,1224332.6,613324.02432,0
1685988000000,0.5009,0.5010,0.4998,0.4998,2585821.5,1685988059999,1293865.50777,1412,626137.3,313387.28564,0
1685988060000,0.4999,0.4999,0.4985,0.4992,3622600.3,1685988119999,1808181.82294,1875,1703185.2,850086.86848,0
1685988120000,0.4992,0.4993,0.4985,0.4988,2548625.1,1685988179999,1271321.55942,1133,1278945.0,637986.84783,0
1685988180000,0.4987,0.4990,0.4985,0.4986,1344228.7,1685988239999,670459.53050,729,477515.1,238181.92459,0
1685988240000,0.4986,0.4987,0.4982,0.4984,1146347.5,1685988299999,571392.82653,794,508036.8,253237.04463,0
1685988300000,0.4984,0.4984,0.4966,0.4967,3482579.6,1685988359999,1731620.84258,2014,1233871.9,613344.49032,0
1685988360000,0.4966,0.4969,0.4958,0.4966,2909445.8,1685988419999,1443927.23446,1697,1155348.7,573441.80092,0
1685988420000,0.4966,0.4982,0.4965,0.4977,2188982.3,1685988479999,1089119.57445,1327,1338459.2,665893.03959,0
1685988480000,0.4977,0.4980,0.4971,0.4977,952660.5,1685988539999,474028.87028,739,553798.5,275597.56816,0
1685988540000,0.4977,0.4986,0.4977,0.4986,838165.8,1685988599999,417605.98761,706,518368.7,258263.54908,0
1685988600000,0.4985,0.4986,0.4981,0.4984,1301333.0,1685988659999,648631.67074,758,735105.0,366423.45014,0
1685988660000,0.4984,0.4985,0.4982,0.4983,788970.7,1685988719999,393193.26579,539,291239.4,145151.89921,0
1685988720000,0.4983,0.4998,0.4981,0.4985,2922811.7,1685988779999,1458885.16077,1584,1860339.2,928625.56896,0
1685988780000,0.4986,0.4992,0.4981,0.4987,2304314.5,1685988839999,1149142.02764,1051,862415.3,430030.56064,0
1685988840000,0.4987,0.4998,0.4985,0.4993,1367382.7,1685988899999,682749.90978,795,819206.6,409030.42586,0
1685988900000,0.4993,0.4994,0.4985,0.4986,1719837.4,1685988959999,858033.39507,1095,506787.0,252818.33333,0
1685988960000,0.4986,0.4997,0.4981,0.4996,2595827.9,1685989019999,1295044.83000,1242,1627893.9,812041.80065,0
1685989020000,0.4995,0.5002,0.4994,0.4999,1442893.0,1685989079999,721182.30290,863,737356.2,368555.60722,0
1685989080000,0.4999,0.5000,0.4996,0.4998,821016.7,1685989139999,410344.57532,474,356083.3,177976.34641,0
1685989140000,0.4998,0.5001,0.4998,0.4999,669078.0,1685989199999,334510.68254,349,432663.3,216323.30429,0
1685989200000,0.5000,0.5000,0.4990,0.4991,1560671.9,1685989259999,779525.13604,844,547848.0,273638.68783,0
1685989260000,0.4991,0.4994,0.4988,0.4990,1147631.2,1685989319999,572778.48144,620,518753.3,258914.00633,0
1685989320000,0.4990,0.4996,0.4989,0.4993,1068454.8,1685989379999,533447.61402,504,645232.1,322137.45375,0
1685989380000,0.4994,0.4999,0.4988,0.4998,1870015.8,1685989439999,933841.41475,769,1006138.0,502509.33849,0
1685989440000,0.4997,0.4998,0.4995,0.4997,454247.4,1685989499999,226957.67700,438,196363.6,98113.02808,0
1685989500000,0.4997,0.5002,0.4994,0.5001,1433262.4,1685989559999,716318.89341,837,847828.3,423743.39578,0
1685989560000,0.5001,0.5007,0.4999,0.5006,2129956.6,1685989619999,1065529.37672,1319,1060276.9,530415.16451,0
1685989620000,0.5007,0.5007,0.5002,0.5005,1584779.5,1685989679999,793056.29027,936,701924.9,351257.29231,0
1685989680000,0.5005,0.5007,0.5003,0.5005,991010.5,1685989739999,496011.89473,553,480643.8,240585.70883,0
1685989740000,0.5005,0.5014,0.5005,0.5012,2624952.8,1685989799999,1315132.00879,1153,1929171.0,966571.87342,0
1685989800000,0.5011,0.5014,0.5011,0.5013,1216494.1,1685989859999,609720.20932,716,678689.0,340181.54627,0
1685989860000,0.5013,0.5015,0.5010,0.5012,966335.5,1685989919999,484341.13508,639,509103.3,255175.75454,0
1685989920000,0.5012,0.5015,0.4998,0.5002,2509836.5,1685989979999,1256338.58581,1198,713578.9,357264.19096,0
1685989980000,0.5001,0.5002,0.4996,0.4998,1245996.6,1685990039999,622929.67984,742,526501.3,263238.59415,0
1685990040000,0.4998,0.5000,0.4990,0.4993,2103256.7,1685990099999,1050571.82061,1110,926614.6,462856.14157,0
1685990100000,0.4994,0.5002,0.4993,0.5001,978515.7,1685990159999,488989.12139,550,630428.7,315053.81691,0
1685990160000,0.5001,0.5001,0.4996,0.5001,528617.6,1685990219999,264267.57519,325,238168.2,119068.68431,0
1685990220000,0.5001,0.5002,0.4990,0.4991,2263389.3,1685990279999,1131141.60757,840,742540.5,371219.65959,0
1685990280000,0.4991,0.4992,0.4987,0.4988,846660.3,1685990339999,422376.49498,634,341949.4,170596.24420,0
1685990340000,0.4989,0.4993,0.4988,0.4992,767520.8,1685990399999,383103.23077,336,626756.7,312853.42938,0
1685990400000,0.4993,0.4999,0.4991,0.4998,1005484.3,1685990459999,502318.03757,626,495045.9,247330.03626,0
1685990460000,0.4998,0.5004,0.4998,0.5001,2037483.4,1685990519999,1019084.30891,858,1142534.6,571474.23261,0
1685990520000,0.5001,0.5001,0.4998,0.5000,881302.6,1685990579999,440600.54114,526,485498.3,242726.06988,0
1685990580000,0.4999,0.5000,0.4996,0.4999,476054.7,1685990639999,237921.80933,397,177969.6,88947.90563,0
1685990640000,0.4998,0.5004,0.4998,0.5002,671861.9,1685990699999,336041.37006,432,378456.8,189290.83038,0
1685990700000,0.5002,0.5004,0.4993,0.5004,2122123.6,1685990759999,1060595.10647,935,681415.1,340650.81081,0
1685990760000,0.5003,0.5008,0.4999,0.5007,1419986.6,1685990819999,710432.81267,630,761709.7,381126.81183,0
1685990820000,0.5007,0.5014,0.5005,0.5013,1360343.5,1685990879999,681464.05393,817,683625.9,342506.42665,0
1685990880000,0.5014,0.5014,0.5010,0.5011,766183.2,1685990939999,383965.84026,533,231251.3,115903.30111,0
1685990940000,0.5011,0.5019,0.5010,0.5018,1566884.3,1685990999999,785952.26376,949,1018707.4,511004.80238,0
1685991000000,0.5019,0.5022,0.5011,0.5013,2823970.3,1685991059999,1417002.81354,1328,1173031.0,588679.13537,0
1685991060000,0.5012,0.5012,0.5009,0.5009,957618.0,1685991119999,479844.99802,603,456933.9,228972.32077,0
1685991120000,0.5009,0.5017,0.5006,0.5013,2131769.9,1685991179999,1068300.00998,866,1222848.3,612761.94214,0
1685991180000,0.5014,0.5014,0.5002,0.5013,1888042.7,1685991239999,945449.03292,1096,890158.3,445800.63149,0
1685991240000,0.5012,0.5017,0.5010,0.5017,1253125.9,1685991299999,628244.19218,774,455370.3,228342.30591,0
1685991300000,0.5016,0.5018,0.5010,0.5016,2065098.0,1685991359999,1035496.06839,938,744505.5,373319.93371,0
1685991360000,0.5016,0.5016,0.5006,0.5008,1091536.0,1685991419999,546839.59836,622,593326.0,297240.44011,0
1685991420000,0.5008,0.5016,0.5002,0.5013,2054865.0,1685991479999,1029256.04013,893,1140757.1,571525.54529,0
1685991480000,0.5014,0.5021,0.5012,0.5017,1128012.8,1685991539999,565911.25693,676,563865.6,282874.45558,0
1685991540000,0.5017,0.5023,0.5016,0.5023,1113205.8,1685991599999,558796.99673,615,635105.5,318816.70805,0
1685991600000,0.5023,0.5023,0.5013,0.5014,2007486.4,1685991659999,1007241.95585,1265,705756.1,354185.25879,0
1685991660000,0.5013,0.5014,0.5001,0.5003,1946946.8,1685991719999,974986.38803,1058,675634.2,338308.11221,0
1685991720000,0.5003,0.5004,0.4993,0.4995,2896788.5,1685991779999,1447891.75304,1617,1096236.1,547970.21127,0
1685991780000,0.4994,0.4994,0.4962,0.4972,5335478.4,1685991839999,2655647.20830,3158,1913929.6,952477.66176,0
1685991840000,0.4973,0.4989,0.4971,0.4987,3350655.9,1685991899999,1668699.46327,1689,2069096.1,1030532.80937,0
1685991900000,0.4987,0.4997,0.4983,0.4995,2515726.6,1685991959999,1255055.34926,1299,1408197.4,702528.67391,0
1685991960000,0.4996,0.5013,0.4995,0.5000,3784686.8,1685992019999,1894978.44244,2037,1982529.7,992649.71068,0
1685992020000,0.4999,0.5010,0.4998,0.5010,1059674.8,1685992079999,530162.17659,691,638951.8,319660.23983,0
1685992080000,0.5010,0.5019,0.5008,0.5013,3226211.5,1685992139999,1617546.85339,1485,1611427.6,808023.03534,0
1685992140000,0.5013,0.5013,0.5006,0.5007,1607787.8,1685992199999,805351.63015,742,570202.9,285602.11252,0
1685992200000,0.5007,0.5012,0.5006,0.5010,1309635.5,1685992259999,656012.58990,638,675649.4,338433.31657,0
1685992260000,0.5011,0.5012,0.5000,0.5003,1190388.1,1685992319999,595801.82515,729,406667.5,203522.16796,0
1685992320000,0.5004,0.5004,0.4997,0.4999,832114.3,1685992379999,416044.17787,605,310644.4,155325.11252,0
1685992380000,0.5000,0.5001,0.4988,0.4996,3355332.9,1685992439999,1675426.71542,1314,1374468.5,686439.84062,0
1685992440000,0.4996,0.4996,0.4987,0.4991,1156715.6,1685992499999,577245.73607,534,652545.5,325644.27908,0
1685992500000,0.4991,0.4996,0.4988,0.4992,1205870.2,1685992559999,601908.47127,672,676840.3,337859.46025,0
1685992560000,0.4992,0.4993,0.4982,0.4988,2130269.3,1685992619999,1062297.29019,995,703263.3,350778.40563,0
1685992620000,0.4987,0.4996,0.4987,0.4996,1210865.3,1685992679999,604271.22770,617,706921.8,352793.49011,0
1685992680000,0.4996,0.5004,0.4994,0.5004,800851.5,1685992739999,400381.96368,537,593372.2,296670.83622,0
1685992740000,0.5003,0.5008,0.4998,0.4998,1270307.7,1685992799999,635595.62524,739,382675.2,191521.50608,0
1685992800000,0.4998,0.5004,0.4995,0.5004,947094.4,1685992859999,473347.67791,592,591569.1,295675.60967,0
1685992860000,0.5003,0.5008,0.5000,0.5006,1246379.0,1685992919999,623697.75575,566,728126.0,364395.51464,0
1685992920000,0.5006,0.5010,0.5006,0.5009,769354.9,1685992979999,385297.78620,501,321214.8,160868.50098,0
1685992980000,0.5009,0.5009,0.5005,0.5009,739117.4,1685993039999,370098.41609,432,298165.0,149308.70608,0
1685993040000,0.5009,0.5009,0.5006,0.5007,606467.7,1685993099999,303691.91373,411,237587.8,118984.03232,0
1685993100000,0.5006,0.5007,0.4996,0.4998,1589013.5,1685993159999,794661.56459,887,421152.7,210554.55247,0
1685993160000,0.4999,0.5002,0.4992,0.4994,1158096.3,1685993219999,578734.55374,663,613885.9,306780.04265,0
1685993220000,0.4993,0.5000,0.4990,0.4990,1112440.3,1685993279999,555672.30306,711,541116.3,270307.09093,0
1685993280000,0.4991,0.5001,0.4987,0.4993,2497884.1,1685993339999,1247277.98998,1140,1237878.3,618138.91117,0
1685993340000,0.4994,0.4994,0.4986,0.4990,810594.4,1685993399999,404494.16185,579,394950.2,197084.73365,0
1685993400000,0.4990,0.4994,0.4988,0.4994,1109955.6,1685993459999,553961.46270,512,856051.1,427267.80033,0
1685993460000,0.4994,0.5004,0.4993,0.5004,896104.3,1685993519999,447900.59620,582,578386.9,289133.09452,0
1685993520000,0.5003,0.5007,0.4999,0.5004,1114237.1,1685993579999,557478.29715,561,567613.4,283996.45259,0
1685993580000,0.5003,0.5009,0.5003,0.5008,993864.1,1685993639999,497547.44335,595,455681.7,228133.39397,0
1685993640000,0.5008,0.5012,0.5005,0.5009,1586920.1,1685993699999,794868.50170,855,927283.1,464494.33211,0
1685993700000,0.5009,0.5012,0.5002,0.5010,2504684.1,1685993759999,1254406.92567,1065,1447421.6,725008.36798,0
1685993760000,0.5010,0.5011,0.5007,0.5009,895819.8,1685993819999,448731.31352,513,367857.0,184273.46626,0
1685993820000,0.5009,0.5010,0.5001,0.5001,569886.6,1685993879999,285304.97789,572,167364.0,83776.93777,0
1685993880000,0.5001,0.5002,0.4997,0.5000,883847.4,1685993939999,441859.09073,532,374186.8,187075.73348,0
1685993940000,0.5000,0.5000,0.4995,0.4996,549626.6,1685993999999,274684.90926,323,235836.2,117874.13357,0
1685994000000,0.4996,0.5004,0.4993,0.5003,1107194.9,1685994059999,553444.12682,588,657020.3,328460.21685,0
1685994060000,0.5003,0.5004,0.5000,0.5001,387877.3,1685994119999,194009.16359,196,126401.4,63231.20750,0
1685994120000,0.5000,0.5001,0.4997,0.4998,554982.6,1685994179999,277399.12648,380,229325.0,114625.09825,0
1685994180000,0.4998,0.5000,0.4996,0.4997,419015.5,1685994239999,209408.31703,285,217348.0,108623.70421,0
1685994240000,0.4997,0.5005,0.4997,0.5004,1020568.7,1685994299999,510420.74173,412,790025.6,395120.02469,0
1685994300000,0.5003,0.5006,0.4996,0.4998,978686.6,1685994359999,489442.83172,574,467680.2,233908.42019,0
1685994360000,0.4998,0.5005,0.4998,0.5003,830024.0,1685994419999,415219.96165,360,576970.9,288615.53176,0
1685994420000,0.5004,0.5010,0.5003,0.5010,488673.6,1685994479999,244656.35143,337,319791.6,160098.70869,0
1685994480000,0.5010,0.5014,0.5009,0.5014,2251190.0,1685994539999,1128290.03584,965,1148152.6,575454.66043,0
1685994540000,0.5013,0.5021,0.5013,0.5020,2153872.5,1685994599999,1080629.53571,1197,1097277.1,550528.23807,0
1685994600000,0.5020,0.5022,0.5016,0.5017,1760417.5,1685994659999,883393.81761,927,666968.9,334702.58182,0
1685994660000,0.5018,0.5021,0.5016,0.5020,562926.5,1685994719999,282517.46239,372,311372.0,156283.18846,0
1685994720000,0.5020,0.5029,0.5017,0.5027,2829876.5,1685994779999,1421851.26793,1474,2022291.2,1016112.00886,0
1685994780000,0.5028,0.5047,0.5027,0.5041,5569311.2,1685994839999,2804971.62573,3367,3078376.9,1550505.89050,0
1685994840000,0.5041,0.5041,0.5029,0.5030,1796132.1,1685994899999,904344.27564,1424,487373.3,245372.34872,0
1685994900000,0.5029,0.5032,0.5027,0.5031,1079725.2,1685994959999,543019.72118,745,576975.7,290183.43912,0
1685994960000,0.5031,0.5034,0.5029,0.5032,925510.6,1685995019999,465696.34572,592,392112.8,197317.41133,0
1685995020000,0.5032,0.5039,0.5024,0.5038,1754437.9,1685995079999,882721.72143,1041,859322.2,432479.58386,0
1685995080000,0.5037,0.5040,0.5034,0.5037,938308.9,1685995139999,472665.87769,601,460124.9,231786.18137,0
1685995140000,0.5037,0.5042,0.5037,0.5042,876276.8,1685995199999,441592.37787,617,546743.9,275546.28799,0
1685995200000,0.5041,0.5047,0.5033,0.5043,2563871.4,1685995259999,1292334.74413,1426,1169962.5,589757.45207,0
1685995260000,0.5043,0.5049,0.5040,0.5043,2635354.0,1685995319999,1329623.85667,1378,1057832.6,533718.11600,0
1685995320000,0.5043,0.5045,0.5040,0.5044,1573039.0,1685995379999,793149.49640,983,869515.5,438436.69053,0
1685995380000,0.5043,0.5044,0.5040,0.5041,723175.2,1685995439999,364606.79278,567,334415.4,168615.03080,0
1685995440000,0.5042,0.5044,0.5038,0.5040,1732951.0,1685995499999,873621.84643,876,607746.6,306402.63498,0
1685995500000,0.5040,0.5041,0.5028,0.5030,2154578.4,1685995559999,1084201.83261,1424,914437.7,460134.91571,0
1685995560000,0.5031,0.5033,0.5027,0.5031,1836881.1,1685995619999,923935.00626,853,835861.6,420443.58189,0
1685995620000,0.5032,0.5032,0.5030,0.5032,345146.3,1685995679999,173657.61901,334,164680.4,82865.64892,0
1685995680000,0.5032,0.5032,0.5028,0.5029,600251.7,1685995739999,301901.97273,323,191650.6,96398.21064,0
1685995740000,0.5029,0.5030,0.5023,0.5029,1446876.9,1685995799999,727211.01751,702,579123.4,291116.74944,0
1685995800000,0.5029,0.5035,0.5028,0.5033,713752.5,1685995859999,359137.03379,435,505624.3,254391.82550,0
1685995860000,0.5032,0.5037,0.5030,0.5037,754020.7,1685995919999,379498.06361,459,437877.9,220393.70844,0
1685995920000,0.5037,0.5045,0.5034,0.5044,1020792.6,1685995979999,514441.98880,646,656240.5,330762.11628,0
1685995980000,0.5044,0.5049,0.5043,0.5048,1076492.5,1685996039999,543252.35288,619,616900.7,311320.17333,0
1685996040000,0.5049,0.5060,0.5048,0.5055,3489748.9,1685996099999,1763906.24414,2018,2043251.0,1032743.19586,0
1685996100000,0.5056,0.5059,0.5052,0.5057,1818798.0,1685996159999,919623.22044,1127,795903.1,402450.62904,0
1685996160000,0.5057,0.5058,0.5050,0.5053,1513586.1,1685996219999,764944.99146,813,512419.8,258993.93262,0
1685996220000,0.5053,0.5063,0.5052,0.5059,1586980.1,1685996279999,802683.11683,1135,818463.2,413970.46007,0
1685996280000,0.5060,0.5063,0.5058,0.5058,1396620.7,1685996339999,706882.61066,716,536184.5,271407.56389,0
1685996340000,0.5059,0.5059,0.5051,0.5053,1397001.7,1685996399999,706130.43470,911,595848.8,301154.41217,0
1685996400000,0.5053,0.5058,0.5051,0.5055,955449.8,1685996459999,482980.39009,567,509329.8,257470.49873,0
1685996460000,0.5056,0.5065,0.5056,0.5064,1254321.4,1685996519999,634924.28561,694,691396.6,349961.94856,0
1685996520000,0.5064,0.5068,0.5063,0.5063,1192640.5,1685996579999,604083.74281,863,579803.0,293702.33778,0
1685996580000,0.5064,0.5064,0.5053,0.5053,1366455.8,1685996639999,691312.76296,772,271227.3,137254.19772,0
1685996640000,0.5054,0.5060,0.5054,0.5058,1228408.5,1685996699999,621200.27734,511,756259.7,382405.66947,0
1685996700000,0.5057,0.5058,0.5055,0.5057,506132.7,1685996759999,255920.19229,402,191918.3,97047.23060,0
1685996760000,0.5056,0.5057,0.5054,0.5054,499498.8,1685996819999,252496.48896,311,195046.5,98598.66375,0
1685996820000,0.5054,0.5068,0.5054,0.5063,2337509.3,1685996879999,1183467.66617,1151,1583217.6,801485.54333,0
1685996880000,0.5062,0.5063,0.5057,0.5059,775982.0,1685996939999,392597.96664,428,269274.0,136249.85257,0
1685996940000,0.5060,0.5066,0.5059,0.5063,651045.0,1685996999999,329617.37658,404,191623.5,97012.68708,0
1685997000000,0.5063,0.5077,0.5063,0.5069,5073742.6,1685997059999,2573310.46200,2105,3662666.2,1857606.11289,0
1685997060000,0.5069,0.5070,0.5066,0.5070,1081849.6,1685997119999,548315.39019,650,536278.8,271806.89095,0
1685997120000,0.5070,0.5072,0.5066,0.5072,1222351.5,1685997179999,619556.63891,562,607369.2,307873.95215,0
1685997180000,0.5072,0.5080,0.5069,0.5080,3776353.2,1685997239999,1916877.37599,1364,2686742.9,1363733.52576,0
1685997240000,0.5079,0.5082,0.5070,0.5071,2686157.5,1685997299999,1363370.22184,1584,519863.4,263907.05991,0
1685997300000,0.5071,0.5074,0.5061,0.5062,2902554.1,1685997359999,1470582.40622,1409,1091780.9,553137.90659,0
1685997360000,0.5061,0.5062,0.5052,0.5052,1383845.4,1685997419999,699779.24146,949,358524.3,181342.18485,0
1685997420000,0.5052,0.5055,0.5048,0.5055,1326796.1,1685997479999,670280.77239,881,651653.1,329251.80467,0
1685997480000,0.5055,0.5060,0.5055,0.5055,615657.0,1685997539999,311358.81896,371,324879.0,164316.89097,0
1685997540000,0.5056,0.5056,0.5051,0.5054,609432.6,1685997599999,307993.43289,334,189197.0,95605.50415,0
1685997600000,0.5055,0.5055,0.5050,0.5051,583676.7,1685997659999,294901.74948,399,285890.6,144458.49727,0
1685997660000,0.5051,0.5052,0.5042,0.5049,1894976.3,1685997719999,956222.81774,1064,629738.6,317804.59743,0
1685997720000,0.5050,0.5053,0.5049,0.5050,582391.9,1685997779999,294160.87554,318,291974.2,147475.47314,0
1685997780000,0.5051,0.5054,0.5050,0.5054,197928.7,1685997839999,99974.77255,236,100420.1,50726.76861,0
1685997840000,0.5053,0.5053,0.5051,0.5051,260118.3,1685997899999,131418.96585,186,85155.2,43021.80504,0
1685997900000,0.5052,0.5059,0.5052,0.5059,632418.9,1685997959999,319658.95129,434,398450.2,201416.87899,0
1685997960000,0.5059,0.5060,0.5055,0.5059,504955.1,1685998019999,255372.83622,341,319634.4,161660.91610,0
1685998020000,0.5060,0.5060,0.5056,0.5060,509347.4,1685998079999,257660.64657,294,283497.0,143421.42789,0
1685998080000,0.5060,0.5063,0.5059,0.5063,504458.6,1685998139999,255312.53119,343,445398.9,225427.44928,0
1685998140000,0.5063,0.5069,0.5062,0.5068,420474.9,1685998199999,212969.14777,429,235640.7,119355.38064,0
1685998200000,0.5067,0.5071,0.5065,0.5067,1358555.9,1685998259999,688571.03636,614,781056.3,395875.59138,0
1685998260000,0.5067,0.5068,0.5065,0.5068,668340.8,1685998319999,338586.80678,306,316358.1,160270.01169,0
1685998320000,0.5067,0.5069,0.5062,0.5067,638769.4,1685998379999,323546.19458,399,340206.7,172332.46307,0
1685998380000,0.5068,0.5068,0.5060,0.5061,1264178.0,1685998439999,640106.01897,634,338092.6,171225.51785,0
1685998440000,0.5061,0.5063,0.5059,0.5062,527210.9,1685998499999,266820.16296,390,259845.8,131513.46443,0
1685998500000,0.5063,0.5063,0.5056,0.5058,804929.3,1685998559999,407139.71026,409,297219.8,150313.68660,0
1685998560000,0.5058,0.5061,0.5056,0.5059,565102.7,1685998619999,285831.11726,320,199719.8,101024.44268,0
1685998620000,0.5059,0.5060,0.5056,0.5058,461244.8,1685998679999,233303.63722,255,181264.1,91685.81090,0
1685998680000,0.5059,0.5062,0.5058,0.5062,357156.8,1685998739999,180714.79503,177,304435.1,154044.08580,0
1685998740000,0.5061,0.5064,0.5061,0.5061,489478.1,1685998799999,247807.42557,264,224166.0,113492.08324,0
1685998800000,0.5061,0.5063,0.5057,0.5062,740418.8,1685998859999,374663.82495,610,431868.4,218543.31238,0
1685998860000,0.5062,0.5062,0.5056,0.5057,473328.6,1685998919999,239434.49792,354,136796.5,69202.63990,0
1685998920000,0.5057,0.5058,0.5056,0.5057,319725.3,1685998979999,161677.54543,237,155658.9,78720.34347,0
1685998980000,0.5057,0.5058,0.5052,0.5057,770311.8,1685999039999,389381.93280,478,397866.9,201133.54335,0
1685999040000,0.5057,0.5058,0.5055,0.5055,198673.4,1685999099999,100471.04391,158,61142.6,30924.00560,0
1685999100000,0.5055,0.5056,0.5035,0.5035,4193048.7,1685999159999,2115757.92212,2028,965567.2,487114.79103,0
1685999160000,0.5036,0.5038,0.5031,0.5031,1101836.4,1685999219999,554624.79850,926,346343.9,174347.69422,0
1685999220000,0.5031,0.5034,0.5026,0.5027,2218336.0,1685999279999,1115695.52798,1250,1057923.4,532218.02439,0
1685999280000,0.5027,0.5032,0.5015,0.5022,2182952.2,1685999339999,1096528.98894,1449,772103.0,387912.76345,0
1685999340000,0.5022,0.5024,0.5010,0.5016,2201271.7,1685999399999,1103906.13099,1416,743322.5,372848.43106,0
1685999400000,0.5016,0.5021,0.5015,0.5019,1683749.3,1685999459999,844970.94923,774,760207.6,381514.79243,0
1685999460000,0.5019,0.5023,0.5018,0.5022,676862.8,1685999519999,339835.74300,376,479041.1,240522.04550,0
1685999520000,0.5023,0.5024,0.5006,0.5007,2463805.4,1685999579999,1235003.27873,1100,986897.8,494424.77214,0
1685999580000,0.5008,0.5012,0.5001,0.5010,2127348.9,1685999639999,1064924.71977,1159,765775.2,383366.63420,0
1685999640000,0.5011,0.5014,0.5009,0.5013,603965.8,1685999699999,302655.37897,393,386015.3,193450.61676,0
1685999700000,0.5013,0.5015,0.5009,0.5010,1130930.4,1685999759999,566849.45292,627,626718.1,314132.84914,0
1685999760000,0.5009,0.5015,0.5006,0.5006,772064.0,1685999819999,386916.83084,617,323433.8,162112.52119,0
1685999820000,0.5006,0.5008,0.5002,0.5006,1288598.3,1685999879999,644923.90708,758,479368.5,239932.71033,0
1685999880000,0.5006,0.5018,0.5005,0.5013,1680339.3,1685999939999,842324.65156,862,1175428.3,589229.06422,0
1685999940000,0.5014,0.5014,0.5010,0.5010,391141.3,1685999999999,195995.98115,188,67699.6,33928.26002,0
1686000000000,0.5011,0.5013,0.5010,0.5012,399497.1,1686000059999,200206.31473,303,253406.7,127003.66305,0
1686000060000,0.5012,0.5014,0.4985,0.4988,4113589.9,1686000119999,2056133.69514,2259,788085.1,393841.34376,0
1686000120000,0.4987,0.4995,0.4982,0.4989,3071637.9,1686000179999,1532202.30114,1711,1427581.5,712166.29249,0
1686000180000,0.4989,0.5005,0.4989,0.5002,1953167.8,1686000239999,975829.79727,1004,1355906.0,677356.86529,0
1686000240000,0.5002,0.5010,0.5002,0.5007,698196.8,1686000299999,349581.84485,713,495958.4,248317.68836,0
1686000300000,0.5008,0.5008,0.5001,0.5006,607789.3,1686000359999,304111.23887,504,292722.6,146461.93611,0
1686000360000,0.5006,0.5011,0.5004,0.5011,717541.0,1686000419999,359311.35546,445,446857.9,223799.51984,0
1686000420000,0.5011,0.5019,0.5010,0.5017,890990.6,1686000479999,446811.33063,668,539116.2,270355.98297,0
1686000480000,0.5016,0.5017,0.5014,0.5015,558286.2,1686000539999,280011.39156,348,283735.6,142316.00730,0
1686000540000,0.5014,0.5017,0.5013,0.5016,457926.5,1686000599999,229648.19323,307,235146.0,117931.65245,0
1686000600000,0.5015,0.5021,0.5015,0.5020,511047.1,1686000659999,256439.69806,458,425072.6,213303.79849,0
1686000660000,0.5021,0.5021,0.5014,0.5014,549291.9,1686000719999,275582.26069,317,139543.6,70021.65310,0
1686000720000,0.5015,0.5015,0.5005,0.5005,875741.9,1686000779999,438554.76546,700,255767.4,128080.64176,0
1686000780000,0.5005,0.5006,0.4980,0.4986,6877773.3,1686000839999,3432450.15962,2906,1445358.9,720945.29527,0
1686000840000,0.4987,0.4999,0.4986,0.4995,1456411.6,1686000899999,727379.19494,788,983269.0,491038.14055,0
1686000900000,0.4994,0.4995,0.4974,0.4974,2066493.4,1686000959999,1029684.51091,1314,354508.0,176718.21895,0
1686000960000,0.4974,0.4981,0.4968,0.4979,1970017.8,1686001019999,979995.17285,1460,825668.8,410851.26820,0
1686001020000,0.4979,0.4979,0.4954,0.4963,3606991.6,1686001079999,1790691.18028,2262,1257825.9,624344.06833,0
1686001080000,0.4963,0.4983,0.4959,0.4982,2693529.9,1686001139999,1339081.51503,1366,2035765.5,1012445.18784,0
1686001140000,0.4982,0.4988,0.4976,0.4976,942068.6,1686001199999,469372.42467,861,453296.4,225882.24617,0
1686001200000,0.4977,0.4981,0.4972,0.4980,487941.4,1686001259999,242745.81460,598,285197.4,141901.22746,0
1686001260000,0.4980,0.4999,0.4980,0.4998,1597755.4,1686001319999,797758.18348,1234,1025269.7,511827.45659,0
1686001320000,0.4997,0.4999,0.4996,0.4999,603328.4,1686001379999,301480.80829,354,300260.8,150052.57755,0
1686001380000,0.4999,0.5001,0.4998,0.5000,572347.9,1686001439999,286166.78789,482,324672.3,162333.61687,0
1686001440000,0.4999,0.5004,0.4998,0.5002,1093132.3,1686001499999,546682.34182,580,642156.0,321147.61511,0
1686001500000,0.5002,0.5002,0.4997,0.4997,928650.9,1686001559999,464252.04589,497,190712.7,95327.87768,0
1686001560000,0.4997,0.5001,0.4997,0.5000,317292.7,1686001619999,158631.11657,361,253797.0,126886.02990,0
1686001620000,0.5000,0.5014,0.5000,0.5013,629716.5,1686001679999,315425.79599,923,501925.7,251440.17663,0
1686001680000,0.5014,0.5019,0.5013,0.5018,536175.6,1686001739999,268926.37881,590,386124.6,193681.29462,0
1686001740000,0.5019,0.5020,0.5018,0.5019,474094.5,1686001799999,237963.12884,389,276907.9,138997.24142,0
1686001800000,0.5020,0.5025,0.5019,0.5025,598127.0,1686001859999,300355.37432,582,446321.7,224127.94302,0
1686001860000,0.5024,0.5027,0.5018,0.5018,1111807.3,1686001919999,558486.39878,734,332501.9,167083.07784,0
1686001920000,0.5018,0.5023,0.5018,0.5023,297018.5,1686001979999,149111.75109,264,157692.0,79175.73595,0
1686001980000,0.5023,0.5023,0.5022,0.5022,213325.2,1686002039999,107139.72651,191,78110.7,39235.00461,0
1686002040000,0.5021,0.5032,0.5021,0.5032,908761.6,1686002099999,456751.60689,746,745292.0,374592.05895,0
1686002100000,0.5031,0.5047,0.5030,0.5040,3370644.6,1686002159999,1698512.14661,2288,2246322.9,1131799.57868,0
1686002160000,0.5040,0.5040,0.5030,0.5031,956532.5,1686002219999,481483.63938,656,314826.4,158499.90553,0
1686002220000,0.5031,0.5037,0.5029,0.5036,614441.8,1686002279999,309163.02948,468,430159.7,216472.82619,0
1686002280000,0.5037,0.5043,0.5036,0.5042,753747.0,1686002339999,379920.99322,439,567271.3,285918.39704,0
1686002340000,0.5043,0.5045,0.5031,0.5031,2154214.4,1686002399999,1085431.52207,858,459811.3,231710.61011,0
1686002400000,0.5031,0.5037,0.5025,0.5026,1465010.4,1686002459999,737080.87322,1086,547199.6,275374.79026,0
1686002460000,0.5027,0.5033,0.5024,0.5033,1375773.0,1686002519999,691575.89697,664,730194.8,367091.28537,0
1686002520000,0.5032,0.5039,0.5029,0.5037,1015248.3,1686002579999,511108.50188,625,551501.3,277664.71778,0
1686002580000,0.5037,0.5042,0.5036,0.5041,978852.9,1686002639999,493267.34038,585,518756.0,261425.19479,0
1686002640000,0.5040,0.5045,0.5040,0.5044,559993.2,1686002699999,282384.06865,329,355301.3,179169.68331,0
1686002700000,0.5043,0.5046,0.5034,0.5035,1519462.8,1686002759999,765907.64428,790,545619.3,275120.48061,0
1686002760000,0.5035,0.5040,0.5031,0.5032,480876.9,1686002819999,242212.43315,382,209251.7,105408.75872,0
1686002820000,0.5031,0.5031,0.5023,0.5027,1598432.2,1686002879999,803645.51721,736,835211.4,419892.86039,0
1686002880000,0.5027,0.5038,0.5027,0.5037,1236873.9,1686002939999,622625.12427,626,640472.3,322428.16113,0
1686002940000,0.5037,0.5040,0.5032,0.5034,945937.5,1686002999999,476306.47317,581,350209.5,176339.62834,0
1686003000000,0.5033,0.5040,0.5031,0.5038,661016.8,1686003059999,332942.41656,438,398727.9,200820.69703,0
1686003060000,0.5039,0.5042,0.5034,0.5035,852754.4,1686003119999,429645.06056,516,389096.1,196008.90257,0
1686003120000,0.5036,0.5041,0.5035,0.5039,539848.0,1686003179999,272001.90265,267,188087.1,94769.87906,0
1686003180000,0.5039,0.5043,0.5038,0.5041,605851.2,1686003239999,305353.61598,364,177582.2,89502.89150,0
1686003240000,0.5041,0.5044,0.5039,0.5039,504537.8,1686003299999,254399.03076,364,167826.7,84630.08280,0
1686003300000,0.5039,0.5042,0.5030,0.5032,1288997.3,1686003359999,649153.03427,656,524250.9,264044.64858,0
1686003360000,0.5032,0.5033,0.5029,0.5030,391855.8,1686003419999,197151.25498,376,141360.1,71122.11676,0
1686003420000,0.5030,0.5036,0.5030,0.5036,693485.1,1686003479999,349103.65788,347,397700.0,200189.91987,0
1686003480000,0.5035,0.5043,0.5035,0.5043,454665.6,1686003539999,229143.28524,334,351100.0,176944.26547,0
1686003540000,0.5042,0.5046,0.5041,0.5043,666519.6,1686003599999,336190.08042,466,267106.2,134728.47316,0
1686003600000,0.5043,0.5044,0.5034,0.5036,993460.8,1686003659999,500590.77090,684,181316.6,91334.03546,0
1686003660000,0.5036,0.5046,0.5036,0.5045,1201880.9,1686003719999,605985.56623,465,924964.2,466358.01686,0
1686003720000,0.5046,0.5053,0.5043,0.5050,1728084.0,1686003779999,872502.66875,1292,716125.1,361564.99426,0
1686003780000,0.5050,0.5054,0.5046,0.5051,2265755.3,1686003839999,1144166.72649,1080,821710.1,414946.71277,0
1686003840000,0.5051,0.5053,0.5046,0.5049,826326.1,1686003899999,417247.96655,639,308314.9,155691.98420,0
1686003900000,0.5048,0.5051,0.5039,0.5041,1924754.5,1686003959999,971196.19117,891,767660.5,387379.02811,0
1686003960000,0.5042,0.5046,0.5037,0.5045,1749283.6,1686004019999,882091.40497,653,1311225.7,661188.24325,0
1686004020000,0.5044,0.5049,0.5044,0.5045,498397.8,1686004079999,251539.53095,371,242853.7,122561.50087,0
1686004080000,0.5046,0.5050,0.5044,0.5049,441944.2,1686004139999,223031.78509,306,258771.6,130612.60084,0
1686004140000,0.5049,0.5049,0.5045,0.5048,513956.4,1686004199999,259409.38581,304,173129.5,87378.31659,0
1686004200000,0.5047,0.5049,0.5042,0.5042,1467963.1,1686004259999,740602.91579,796,471326.6,237767.15147,0
1686004260000,0.5042,0.5043,0.5036,0.5040,1115666.8,1686004319999,562347.62922,701,432462.2,217983.78686,0
1686004320000,0.5039,0.5040,0.5036,0.5036,329505.3,1686004379999,166015.38884,330,120164.9,60548.20934,0
1686004380000,0.5037,0.5040,0.5028,0.5034,1940744.7,1686004439999,976890.15345,1112,597427.3,300694.29448,0
1686004440000,0.5034,0.5039,0.5033,0.5038,575942.0,1686004499999,290100.47277,342,386203.0,194525.44773,0
1686004500000,0.5039,0.5043,0.5035,0.5035,1182563.1,1686004559999,595999.69910,698,535959.1,270116.73143,0
1686004560000,0.5035,0.5039,0.5030,0.5031,780633.5,1686004619999,392902.69697,579,183529.3,92381.39998,0
1686004620000,0.5031,0.5034,0.5027,0.5033,896270.2,1686004679999,450808.12703,555,338984.1,170529.85799,0
1686004680000,0.5033,0.5041,0.5033,0.5040,884520.1,1686004739999,445491.53682,495,528503.7,266186.37395,0
1686004740000,0.5040,0.5047,0.5039,0.5045,1743298.5,1686004799999,879287.50036,792,1046875.8,527999.01846,0
1686004800000,0.5046,0.5047,0.5038,0.5039,1129745.0,1686004859999,569768.49480,537,276562.2,139503.73708,0
1686004860000,0.5039,0.5044,0.5039,0.5043,404315.7,1686004919999,203835.64170,274,244647.3,123339.71021,0
1686004920000,0.5043,0.5047,0.5042,0.5046,183841.7,1686004979999,92743.35393,212,91189.2,46007.58900,0
1686004980000,0.5046,0.5049,0.5039,0.5044,1013019.2,1686005039999,510989.81173,578,345005.0,174022.59762,0
1686005040000,0.5045,0.5046,0.5042,0.5046,302194.0,1686005099999,152428.00627,226,142049.8,71655.16499,0
1686005100000,0.5045,0.5046,0.5039,0.5041,1153827.4,1686005159999,581938.72067,494,354529.0,178795.32212,0
1686005160000,0.5040,0.5041,0.5037,0.5038,546513.2,1686005219999,275357.68289,338,163829.4,82540.63240,0
1686005220000,0.5037,0.5038,0.5035,0.5037,539637.1,1686005279999,271791.30972,337,194070.9,97747.85657,0
1686005280000,0.5037,0.5043,0.5036,0.5038,577364.0,1686005339999,291004.85291,270,261619.7,131862.57889,0
1686005340000,0.5037,0.5042,0.5037,0.5042,356135.0,1686005399999,179450.21692,205,239533.0,120706.24557,0
1686005400000,0.5042,0.5043,0.5040,0.5040,322766.8,1686005459999,162729.46622,185,143509.6,72360.29654,0
1686005460000,0.5041,0.5043,0.5039,0.5043,462699.1,1686005519999,233215.73002,239,200891.7,101263.44431,0
1686005520000,0.5043,0.5045,0.5042,0.5045,242855.8,1686005579999,122490.84005,224,127245.0,64181.23386,0
1686005580000,0.5044,0.5047,0.5043,0.5046,613585.2,1686005639999,309590.73219,267,465033.8,234635.31419,0
1686005640000,0.5045,0.5047,0.5040,0.5043,576105.9,1686005699999,290563.55164,328,190021.2,95824.88840,0
1686005700000,0.5044,0.5044,0.5037,0.5039,529994.3,1686005759999,267138.25631,331,127193.9,64099.46040,0
1686005760000,0.5040,0.5040,0.5037,0.5037,252705.7,1686005819999,127321.09625,247,74797.1,37692.16451,0
1686005820000,0.5036,0.5046,0.5036,0.5046,624666.7,1686005879999,314865.10704,293,451686.8,227664.12244,0
1686005880000,0.5046,0.5053,0.5046,0.5052,2829513.3,1686005939999,1428921.16003,876,1807137.5,912625.28875,0
1686005940000,0.5053,0.5053,0.5048,0.5050,1530488.2,1686005999999,772936.64307,385,475124.7,239944.46499,0
1686006000000,0.5050,0.5055,0.5046,0.5052,1046947.3,1686006059999,528726.90473,788,613958.2,310057.60600,0
1686006060000,0.5053,0.5057,0.5052,0.5055,815822.2,1686006119999,412352.36288,596,383847.4,194021.67766,0
1686006120000,0.5054,0.5058,0.5053,0.5054,1548463.7,1686006179999,782808.34348,696,848716.0,429101.40081,0
1686006180000,0.5055,0.5058,0.5054,0.5056,875647.8,1686006239999,442755.49880,564,379211.9,191749.45218,0
1686006240000,0.5055,0.5057,0.5052,0.5057,536495.1,1686006299999,271205.88464,348,270821.0,136907.50918,0
1686006300000,0.5057,0.5061,0.5054,0.5058,1839622.9,1686006359999,930570.32058,903,1431124.7,723928.62603,0
1686006360000,0.5058,0.5065,0.5058,0.5062,1178963.3,1686006419999,596696.25031,788,735285.7,372121.30743,0
1686006420000,0.5062,0.5063,0.5057,0.5062,979469.0,1686006479999,495606.60955,580,407147.6,206025.17602,0
1686006480000,0.5062,0.5064,0.5059,0.5062,913868.8,1686006539999,462611.11544,398,449291.4,227442.30315,0
1686006540000,0.5063,0.5066,0.5062,0.5064,816668.8,1686006599999,413543.05015,419,289998.6,146848.35109,0
1686006600000,0.5064,0.5066,0.5062,0.5063,691102.6,1686006659999,349939.23235,422,334959.1,169615.29482,0
1686006660000,0.5063,0.5067,0.5063,0.5066,852398.3,1686006719999,431819.75729,532,520457.9,263666.79471,0
1686006720000,0.5066,0.5069,0.5065,0.5067,579735.1,1686006779999,293766.29359,476,158348.2,80240.83429,0
1686006780000,0.5067,0.5068,0.5065,0.5066,624865.8,1686006839999,316567.56368,334,173833.4,88075.91779,0
1686006840000,0.5066,0.5070,0.5066,0.5070,569858.0,1686006899999,288815.26985,427,270900.4,137304.64819,0
1686006900000,0.5069,0.5070,0.5066,0.5067,842344.8,1686006959999,426866.38706,554,359120.7,181997.87212,0
1686006960000,0.5068,0.5071,0.5067,0.5069,584967.1,1686007019999,296535.77343,499,214929.6,108957.10126,0
1686007020000,0.5070,0.5074,0.5069,0.5073,494637.3,1686007079999,250842.67029,555,189956.1,96340.19184,0
1686007080000,0.5072,0.5073,0.5067,0.5073,732602.4,1686007139999,371432.40355,515,210866.9,106918.96499,0
1686007140000,0.5073,0.5079,0.5073,0.5077,1044253.8,1686007199999,530028.25921,830,708626.4,359692.92326,0
1686007200000,0.5077,0.5086,0.5073,0.5075,4046092.9,1686007259999,2055212.53272,2001,1852049.6,940966.46328,0
1686007260000,0.5075,0.5083,0.5075,0.5083,575976.8,1686007319999,292555.46834,425,428841.2,217845.70262,0
1686007320000,0.5082,0.5083,0.5078,0.5079,1622485.6,1686007379999,824202.33502,754,638841.3,324554.13124,0
1686007380000,0.5079,0.5082,0.5079,0.5081,310927.4,1686007439999,157945.74052,221,216068.7,109766.03384,0
1686007440000,0.5081,0.5086,0.5080,0.5084,1685758.8,1686007499999,856828.07854,674,1187500.9,603586.45166,0
1686007500000,0.5084,0.5085,0.5079,0.5081,988147.7,1686007559999,502156.40371,648,386183.2,196247.29909,0
1686007560000,0.5082,0.5086,0.5081,0.5085,696478.3,1686007619999,354061.37428,415,432394.4,219817.94498,0
1686007620000,0.5085,0.5092,0.5085,0.5091,1883497.0,1686007679999,958484.57166,1319,1195563.7,608419.51628,0
1686007680000,0.5091,0.5097,0.5087,0.5090,2325867.7,1686007739999,1184544.57249,1711,1177760.1,599847.27004,0
1686007740000,0.5091,0.5095,0.5089,0.5095,817830.1,1686007799999,416391.33745,1014,421940.5,214844.49888,0
1686007800000,0.5094,0.5096,0.5088,0.5089,1970129.0,1686007859999,1003090.14754,1058,599994.9,305500.20628,0
1686007860000,0.5089,0.5090,0.5082,0.5085,1243349.2,1686007919999,632331.60480,877,338766.6,172270.92878,0
1686007920000,0.5085,0.5085,0.5081,0.5081,538859.9,1686007979999,273883.28493,535,160998.3,81832.84590,0
1686007980000,0.5081,0.5084,0.5081,0.5082,582295.7,1686008039999,295944.82295,466,295558.4,150225.16466,0
1686008040000,0.5082,0.5086,0.5082,0.5085,329272.7,1686008099999,167411.82074,382,169498.4,86189.96545,0
1686008100000,0.5085,0.5087,0.5082,0.5083,692926.3,1686008159999,352355.83587,510,281336.5,143086.72869,0
1686008160000,0.5083,0.5086,0.5081,0.5086,580990.4,1686008219999,295346.19345,292,376214.7,191277.30246,0
1686008220000,0.5085,0.5086,0.5082,0.5083,504703.8,1686008279999,256580.29579,305,154725.6,78667.49541,0
1686008280000,0.5083,0.5086,0.5083,0.5086,207237.1,1686008339999,105376.61122,158,94228.5,47915.64911,0
1686008340000,0.5085,0.5114,0.5085,0.5102,11243912.0,1686008399999,5736495.62580,4603,7975676.4,4068263.20254,0
1686008400000,0.5102,0.5119,0.5102,0.5116,3619722.0,1686008459999,1849718.26090,2058,2393068.4,1222863.16168,0
1686008460000,0.5116,0.5116,0.5109,0.5112,1691103.0,1686008519999,864463.06080,1339,523417.7,267553.75938,0
1686008520000,0.5112,0.5115,0.5111,0.5113,652920.6,1686008579999,333855.97808,408,478364.0,244611.37627,0
1686008580000,0.5113,0.5116,0.5111,0.5114,1661006.9,1686008639999,849328.94879,679,723636.5,370053.68068,0
1686008640000,0.5113,0.5122,0.5112,0.5120,1787526.5,1686008699999,914823.50551,1038,1127851.4,577249.48490,0
1686008700000,0.5121,0.5122,0.5107,0.5110,2819095.1,1686008759999,1441554.82638,1524,608134.1,310922.97109,0
1686008760000,0.5110,0.5114,0.5100,0.5102,4231046.4,1686008819999,2160201.04633,1528,1679772.6,857602.16146,0
1686008820000,0.5101,0.5104,0.5096,0.5102,2291127.1,1686008879999,1168422.88066,1079,879454.1,448560.88775,0
1686008880000,0.5102,0.5103,0.5090,0.5093,2023130.2,1686008939999,1030698.42617,1436,698498.0,355814.75012,0
1686008940000,0.5094,0.5098,0.5092,0.5098,600457.7,1686008999999,305888.15164,440,208447.3,106208.85829,0
1686009000000,0.5098,0.5101,0.5098,0.5100,577318.9,1686009059999,294402.58652,442,362622.0,184927.94389,0
1686009060000,0.5101,0.5101,0.5091,0.5092,1422173.3,1686009119999,724736.74942,748,450008.8,229283.77605,0
1686009120000,0.5092,0.5095,0.5088,0.5093,1042163.3,1686009179999,530595.00107,646,520231.3,264884.62530,0
1686009180000,0.5093,0.5096,0.5089,0.5089,744245.2,1686009239999,379042.96956,536,208978.3,106460.35886,0
1686009240000,0.5090,0.5092,0.5084,0.5092,1248702.4,1686009299999,635258.41322,800,492169.2,250439.94496,0
1686009300000,0.5092,0.5096,0.5091,0.5096,577971.4,1686009359999,294433.34563,366,336835.4,171599.91888,0
1686009360000,0.5095,0.5100,0.5095,0.5099,408039.1,1686009419999,208045.27364,331,311721.8,158937.65658,0
1686009420000,0.5099,0.5100,0.5088,0.5089,2370289.3,1686009479999,1207240.35150,1049,662734.9,337470.25079,0
1686009480000,0.5090,0.5090,0.5087,0.5087,350468.8,1686009539999,178337.04532,307,132749.9,67556.59305,0
1686009540000,0.5088,0.5088,0.5082,0.5085,1661195.4,1686009599999,844762.34955,748,688414.4,350084.07648,0
