open_time,open,high,low,close,volume,close_time,quote_volume,count,taker_buy_volume,taker_buy_quote_volume,ignore
1709683200000,0.5915,0.5923,0.5914,0.5920,2662113.7,1709683259999,1575668.87884,2034,978951.7,579494.00803,0
1709683260000,0.5919,0.5923,0.5910,0.5914,1728883.9,1709683319999,1022862.12300,1705,627258.3,371120.16636,0
1709683320000,0.5915,0.5930,0.5912,0.5920,1423442.6,1709683379999,842887.85507,1331,875797.5,518627.12175,0
1709683380000,0.5920,0.5924,0.5906,0.5906,1740580.9,1709683439999,1029184.32674,1324,591186.7,349591.37459,0
1709683440000,0.5906,0.5919,0.5906,0.5911,1285578.9,1709683499999,759931.10764,1182,561703.1,332006.21446,0
1709683500000,0.5911,0.5916,0.5900,0.5907,1476427.9,1709683559999,872069.47704,1439,559399.7,330432.28437,0
1709683560000,0.5907,0.5925,0.5907,0.5924,1420263.3,1709683619999,840428.73103,1424,748399.3,442839.54547,0
1709683620000,0.5923,0.5932,0.5923,0.5928,1852259.7,1709683679999,1097904.24378,1464,1019672.7,604427.32989,0
1709683680000,0.5928,0.5928,0.5909,0.5910,1591496.9,1709683739999,942108.10018,1164,706254.8,418132.02909,0
1709683740000,0.5909,0.5921,0.5907,0.5919,1232242.6,1709683799999,728857.13316,1020,784770.7,464147.45209,0
1709683800000,0.5919,0.5927,0.5912,0.5925,2039896.8,1709683859999,1207353.27517,1462,900724.4,533257.16138,0
1709683860000,0.5925,0.5928,0.5916,0.5918,1089198.6,1709683919999,644935.37834,924,604688.3,358025.96177,0
1709683920000,0.5918,0.5920,0.5912,0.5914,997869.0,1709683979999,590291.46462,938,528203.4,312453.80541,0
1709683980000,0.5914,0.5924,0.5912,0.5915,1034646.4,1709684039999,612294.46554,996,604209.3,357567.29920,0
1709684040000,0.5915,0.5915,0.5911,0.5911,619212.9,1709684099999,366148.91713,638,328132.2,194035.53139,0
1709684100000,0.5911,0.5914,0.5895,0.5914,2386363.6,1709684159999,1409054.12436,2052,1420246.7,838773.55486,0
1709684160000,0.5914,0.5925,0.5914,0.5922,1613166.2,1709684219999,954819.98163,1507,982602.4,581573.02423,0
1709684220000,0.5922,0.5929,0.5919,0.5923,937965.6,1709684279999,555596.62543,1051,519219.0,307588.94179,0
1709684280000,0.5924,0.5928,0.5915,0.5917,1224095.4,1709684339999,724873.80701,990,723131.3,428293.98503,0
1709684340000,0.5916,0.5925,0.5914,0.5924,1281180.2,1709684399999,758305.56641,970,621283.5,367671.59722,0
1709684400000,0.5924,0.5928,0.5919,0.5925,969512.0,1709684459999,574292.74985,861,510794.6,302549.29142,0
1709684460000,0.5926,0.5956,0.5925,0.5954,2711142.6,1709684519999,1611560.96048,3323,1549354.5,920615.21026,0
1709684520000,0.5954,0.5956,0.5944,0.5948,2585476.7,1709684579999,1538449.11342,1785,1284923.0,764628.80331,0
1709684580000,0.5949,0.5959,0.5942,0.5956,2291118.7,1709684639999,1363711.46398,1962,1347654.4,802259.78986,0
1709684640000,0.5955,0.5973,0.5952,0.5968,3283631.8,1709684699999,1957518.09677,3318,2041022.7,1217055.39061,0
1709684700000,0.5968,0.5973,0.5966,0.5971,1466816.0,1709684759999,875541.32706,1105,924828.8,552048.51040,0
1709684760000,0.5970,0.5978,0.5967,0.5973,1695673.6,1709684819999,1012898.73764,2474,1107312.7,661423.76267,0
1709684820000,0.5973,0.5974,0.5962,0.5964,1519541.4,1709684879999,906675.28153,1179,530015.4,316260.70912,0
1709684880000,0.5963,0.5970,0.5961,0.5962,1116447.4,1709684939999,666072.68207,945,604269.3,360502.92589,0
1709684940000,0.5962,0.5979,0.5962,0.5978,1542379.1,1709684999999,920909.69178,1194,701762.9,418991.72197,0
1709685000000,0.5978,0.5979,0.5966,0.5967,1483754.9,1709685059999,886141.96268,1311,804080.4,480224.90781,0
1709685060000,0.5968,0.5977,0.5962,0.5976,1025894.9,1709685119999,612408.09972,1071,508187.9,303371.95837,0
1709685120000,0.5976,0.5978,0.5969,0.5970,1330438.5,1709685179999,794812.95783,1226,644414.0,384972.08979,0
1709685180000,0.5970,0.5977,0.5968,0.5975,863823.2,1709685239999,515999.56540,826,511435.7,305504.57244,0
1709685240000,0.5975,0.5984,0.5974,0.5982,1669013.1,1709685299999,997904.61335,1251,1077469.2,644286.30287,0
1709685300000,0.5981,0.5982,0.5975,0.5978,1463841.2,1709685359999,875199.31309,1029,470360.4,281188.24995,0
1709685360000,0.5979,0.5980,0.5967,0.5979,1036757.6,1709685419999,619430.73959,1270,583957.2,348920.44230,0
1709685420000,0.5979,0.5979,0.5965,0.5969,1013767.6,1709685479999,605238.50834,937,351240.8,209642.05563,0
1709685480000,0.5969,0.5982,0.5969,0.5979,976088.2,1709685539999,583416.29489,906,696954.0,416541.72977,0
1709685540000,0.5979,0.5985,0.5971,0.5981,2741089.0,1709685599999,1638631.30057,1624,1026453.0,613798.77207,0
1709685600000,0.5981,0.5991,0.5978,0.5978,2721364.0,1709685659999,1628993.24067,2186,1612432.5,965208.34499,0
1709685660000,0.5977,0.5980,0.5971,0.5974,1197110.2,1709685719999,715354.52682,1052,588040.8,351420.01403,0
1709685720000,0.5973,0.5977,0.5970,0.5971,1129669.8,1709685779999,674732.59368,1057,523746.8,312832.82063,0
1709685780000,0.5972,0.5972,0.5959,0.5961,1576035.8,1709685839999,939864.60128,1235,753793.2,449565.50233,0
1709685840000,0.5961,0.5962,0.5951,0.5955,961031.8,1709685899999,572200.75689,1112,303831.0,180896.49843,0
1709685900000,0.5956,0.5957,0.5950,0.5953,786227.1,1709685959999,468061.31247,967,452795.2,269570.39760,0
1709685960000,0.5952,0.5971,0.5942,0.5964,2500220.2,1709686019999,1488795.17220,2108,1384986.4,824607.55537,0
1709686020000,0.5963,0.5972,0.5954,0.5956,2308095.6,1709686079999,1376255.94181,1670,929717.9,554391.89781,0
1709686080000,0.5957,0.5959,0.5941,0.5944,1510611.8,1709686139999,898500.08274,1348,757048.0,450307.14051,0
1709686140000,0.5945,0.5951,0.5939,0.5944,1675301.8,1709686199999,996018.88755,1290,729626.3,433776.62320,0
1709686200000,0.5943,0.5945,0.5936,0.5940,1052649.9,1709686259999,625342.67141,1223,436386.4,259238.71475,0
1709686260000,0.5940,0.5954,0.5938,0.5946,1135737.5,1709686319999,675181.61359,1005,769836.1,457671.32111,0
1709686320000,0.5947,0.5947,0.5936,0.5937,652200.2,1709686379999,387524.90734,765,225744.3,134144.56683,0
1709686380000,0.5936,0.5943,0.5931,0.5939,2326282.4,1709686439999,1380980.44145,1507,1369604.2,813193.57564,0
1709686440000,0.5938,0.5939,0.5924,0.5925,815849.4,1709686499999,483818.61023,1062,349481.5,207262.41646,0
1709686500000,0.5926,0.5933,0.5919,0.5920,2051307.2,1709686559999,1215795.29310,1555,1129979.6,669818.16906,0
1709686560000,0.5919,0.5920,0.5909,0.5913,2671642.2,1709686619999,1580128.06511,2064,641682.3,379515.47760,0
1709686620000,0.5913,0.5914,0.5904,0.5906,1550329.7,1709686679999,916282.48054,1202,323648.1,191301.45759,0
1709686680000,0.5905,0.5913,0.5905,0.5906,1220248.3,1709686739999,721148.81743,865,544313.4,321679.77269,0
1709686740000,0.5906,0.5909,0.5899,0.5903,1230623.4,1709686799999,726417.11690,1598,457437.2,270006.93408,0
1709686800000,0.5903,0.5925,0.5901,0.5920,1931461.2,1709686859999,1142865.09934,1650,1205213.3,713166.11330,0
1709686860000,0.5920,0.5928,0.5916,0.5924,1084110.6,1709686919999,642043.09117,1020,580717.8,343914.18644,0
1709686920000,0.5924,0.5943,0.5923,0.5935,2892878.5,1709686979999,1717267.30260,2672,1928740.8,1145056.58413,0
1709686980000,0.5935,0.5937,0.5923,0.5929,1355597.4,1709687039999,803895.19999,1253,518644.5,307544.82102,0
1709687040000,0.5928,0.5956,0.5924,0.5953,1251175.2,1709687099999,743209.88405,1530,635959.9,377629.57737,0
1709687100000,0.5954,0.5958,0.5944,0.5946,2048375.0,1709687159999,1219286.57173,1522,1055664.6,628352.31914,0
1709687160000,0.5947,0.5951,0.5941,0.5941,956127.5,1709687219999,568475.92126,893,507316.7,301635.78172,0
1709687220000,0.5941,0.5953,0.5940,0.5945,1423153.1,1709687279999,846238.32019,1058,735869.8,437526.93761,0
1709687280000,0.5945,0.5948,0.5926,0.5926,933375.2,1709687339999,554115.27151,1027,291527.0,173091.97592,0
1709687340000,0.5926,0.5928,0.5920,0.5924,1059331.3,1709687399999,627459.31549,1066,512480.0,303547.45661,0
1709687400000,0.5924,0.5928,0.5910,0.5912,1271959.8,1709687459999,752865.17672,1312,515477.3,305164.13724,0
1709687460000,0.5912,0.5924,0.5911,0.5915,946526.2,1709687519999,560055.33766,945,579331.8,342767.50959,0
1709687520000,0.5914,0.5919,0.5909,0.5917,841262.2,1709687579999,497582.14265,897,459254.9,271648.14766,0
1709687580000,0.5918,0.5922,0.5908,0.5909,1846962.5,1709687639999,1092788.77692,1165,1050384.9,621470.69028,0
1709687640000,0.5910,0.5919,0.5910,0.5917,1064199.2,1709687699999,629549.24835,853,499359.6,295394.18951,0
1709687700000,0.5917,0.5920,0.5907,0.5907,663119.3,1709687759999,392149.49883,760,308932.7,182704.30372,0
1709687760000,0.5907,0.5924,0.5907,0.5922,1141638.3,1709687819999,675334.03577,945,622394.1,368204.05096,0
1709687820000,0.5922,0.5928,0.5920,0.5925,962050.0,1709687879999,569965.69464,933,390995.9,231648.53488,0
1709687880000,0.5925,0.5937,0.5921,0.5922,1006482.5,1709687939999,596855.04851,1003,519685.3,308228.25960,0
1709687940000,0.5921,0.5927,0.5912,0.5923,1583331.8,1709687999999,937129.04906,1230,942404.9,557814.18464,0
1709688000000,0.5924,0.5927,0.5916,0.5919,988021.3,1709688059999,585047.91099,862,415317.0,245906.81680,0
1709688060000,0.5920,0.5929,0.5918,0.5923,802073.9,1709688119999,475049.94755,838,357175.4,211550.04783,0
1709688120000,0.5923,0.5925,0.5909,0.5913,1241651.8,1709688179999,734610.70603,959,415477.9,245804.78649,0
1709688180000,0.5914,0.5920,0.5909,0.5918,819371.2,1709688239999,484659.72772,766,430194.1,254409.70568,0
1709688240000,0.5918,0.5919,0.5911,0.5914,615429.8,1709688299999,363935.05575,589,402921.6,238265.47928,0
1709688300000,0.5915,0.5928,0.5914,0.5922,720484.6,1709688359999,426712.03865,746,388657.1,230149.92739,0
1709688360000,0.5922,0.5930,0.5920,0.5927,683674.3,1709688419999,405092.75156,644,337882.4,200166.45918,0
1709688420000,0.5926,0.5927,0.5913,0.5914,655845.7,1709688479999,388179.51791,660,219781.0,130123.34760,0
1709688480000,0.5914,0.5914,0.5908,0.5909,684403.6,1709688539999,404599.08980,689,340258.9,201148.63103,0
1709688540000,0.5909,0.5909,0.5880,0.5889,3345583.5,1709688599999,1970584.01004,2988,1119015.1,659147.10489,0
1709688600000,0.5890,0.5900,0.5888,0.5896,3620762.0,1709688659999,2134691.76722,2909,1934389.3,1140448.75059,0
1709688660000,0.5895,0.5907,0.5891,0.5893,1846417.6,1709688719999,1089258.78198,1431,745876.4,440019.22841,0
1709688720000,0.5893,0.5901,0.5889,0.5900,1045816.9,1709688779999,616580.39456,919,541982.9,319555.60494,0
1709688780000,0.5899,0.5901,0.5891,0.5893,2519118.9,1709688839999,1485053.49730,1170,679817.0,400755.21790,0
1709688840000,0.5893,0.5893,0.5874,0.5874,1350211.3,1709688899999,793913.55896,1378,270204.8,158882.03320,0
1709688900000,0.5874,0.5887,0.5874,0.5879,1426595.9,1709688959999,838854.80035,1122,571523.9,336090.55884,0
1709688960000,0.5878,0.5893,0.5876,0.5891,1272312.1,1709689019999,748825.10000,1080,552578.7,325229.19550,0
1709689020000,0.5890,0.5903,0.5889,0.5900,2144194.1,1709689079999,1264127.38869,1443,1229724.5,724998.44150,0
1709689080000,0.5900,0.5900,0.5893,0.5895,1258198.8,1709689139999,741909.80585,966,447518.7,263864.20322,0
1709689140000,0.5896,0.5903,0.5889,0.5889,714587.8,1709689199999,421272.16379,680,319886.8,188602.25728,0
1709689200000,0.5888,0.5891,0.5878,0.5880,961048.3,1709689259999,565477.45140,987,364263.3,214322.45993,0
1709689260000,0.5881,0.5890,0.5880,0.5887,1419095.9,1709689319999,835277.88064,892,826207.8,486328.59566,0
1709689320000,0.5887,0.5888,0.5869,0.5876,1684746.7,1709689379999,989979.34446,1450,602125.7,353836.40389,0
1709689380000,0.5875,0.5883,0.5870,0.5882,989291.5,1709689439999,581180.58711,849,444072.8,260904.80441,0
1709689440000,0.5882,0.5885,0.5877,0.5883,547025.2,1709689499999,321715.12661,535,295260.4,173643.35685,0
1709689500000,0.5882,0.5895,0.5882,0.5895,766535.3,1709689559999,451350.41681,796,435712.6,256547.40701,0
1709689560000,0.5895,0.5906,0.5890,0.5890,1378276.4,1709689619999,812952.88107,1286,500794.9,295441.19693,0
1709689620000,0.5891,0.5895,0.5889,0.5895,633935.5,1709689679999,373502.55106,664,391355.3,230588.76708,0
1709689680000,0.5895,0.5905,0.5891,0.5904,537239.9,1709689739999,316819.40990,625,320580.4,189068.01990,0
1709689740000,0.5904,0.5904,0.5892,0.5897,985694.2,1709689799999,581298.18551,926,479776.9,282930.38621,0
1709689800000,0.5898,0.5898,0.5887,0.5887,880215.9,1709689859999,518674.82357,891,409536.1,241348.91509,0
1709689860000,0.5888,0.5893,0.5884,0.5892,711021.1,1709689919999,418700.54299,738,296692.3,174742.38062,0
1709689920000,0.5892,0.5899,0.5890,0.5893,657074.8,1709689979999,387337.88159,732,265874.4,156714.94874,0
1709689980000,0.5893,0.5899,0.5887,0.5888,687562.1,1709690039999,405085.88366,627,235391.9,138723.22516,0
1709690040000,0.5888,0.5888,0.5876,0.5882,624359.3,1709690099999,367172.80416,762,214505.5,126142.87000,0
1709690100000,0.5882,0.5884,0.5867,0.5867,1443512.5,1709690159999,848220.47311,1406,520633.7,305927.91567,0
1709690160000,0.5868,0.5868,0.5859,0.5860,2092560.3,1709690219999,1226930.24498,1688,854260.4,500888.64523,0
1709690220000,0.5861,0.5864,0.5855,0.5859,2437824.5,1709690279999,1428493.70727,1671,1143240.0,669928.70545,0
1709690280000,0.5859,0.5863,0.5847,0.5852,2762544.5,1709690339999,1617627.48093,2436,1377202.5,806539.34492,0
1709690340000,0.5852,0.5864,0.5852,0.5863,1771545.6,1709690399999,1037736.27719,1293,1179815.7,691103.28023,0
1709690400000,0.5864,0.5865,0.5851,0.5852,1490386.5,1709690459999,873207.74152,1311,469226.0,274929.30082,0
1709690460000,0.5852,0.5855,0.5836,0.5841,2520327.1,1709690519999,1473012.84822,2149,758028.8,443083.97419,0
1709690520000,0.5841,0.5859,0.5840,0.5852,2339714.6,1709690579999,1368280.44048,1868,1218238.2,712476.88641,0
1709690580000,0.5852,0.5854,0.5846,0.5847,825983.9,1709690639999,483227.40232,852,423270.3,247623.70070,0
1709690640000,0.5848,0.5859,0.5848,0.5851,925911.5,1709690699999,541996.57763,910,455757.9,266783.88205,0
1709690700000,0.5851,0.5856,0.5844,0.5849,2167451.8,1709690759999,1267765.26993,1487,832246.2,486787.84362,0
1709690760000,0.5849,0.5866,0.5848,0.5860,1366838.8,1709690819999,800740.14145,1233,749224.1,438898.24549,0
1709690820000,0.5860,0.5868,0.5860,0.5864,1093371.3,1709690879999,641196.18014,861,503610.4,295342.48186,0
1709690880000,0.5863,0.5868,0.5846,0.5850,1161521.0,1709690939999,679936.65551,994,455259.2,266575.77111,0
1709690940000,0.5850,0.5861,0.5848,0.5860,1202035.0,1709690999999,703581.06158,934,509773.5,298403.31930,0
1709691000000,0.5861,0.5870,0.5860,0.5869,804773.1,1709691059999,472024.60313,896,363331.8,213093.52669,0
1709691060000,0.5869,0.5872,0.5857,0.5859,1030074.2,1709691119999,604286.18221,965,499847.5,293222.88727,0
1709691120000,0.5859,0.5867,0.5858,0.5863,856980.8,1709691179999,502455.31885,817,415215.3,243475.87475,0
1709691180000,0.5863,0.5872,0.5863,0.5867,630850.4,1709691239999,370226.45701,580,262629.8,154135.58405,0
1709691240000,0.5868,0.5874,0.5866,0.5873,747402.3,1709691299999,438723.56533,614,428376.5,251441.31914,0
1709691300000,0.5873,0.5878,0.5871,0.5872,1679922.9,1709691359999,986741.54818,1057,726192.7,426581.22834,0
1709691360000,0.5872,0.5872,0.5861,0.5863,891340.4,1709691419999,522905.97923,817,328248.9,192583.68092,0
1709691420000,0.5863,0.5865,0.5850,0.5850,873676.5,1709691479999,511811.84593,883,260695.6,152722.20851,0
1709691480000,0.5850,0.5850,0.5826,0.5847,2356354.2,1709691539999,1375155.47616,2776,1290318.6,753101.55620,0
1709691540000,0.5846,0.5854,0.5845,0.5852,1169231.8,1709691599999,683908.74778,1061,565751.4,330901.77652,0
1709691600000,0.5853,0.5857,0.5847,0.5848,967504.1,1709691659999,566180.49221,978,430676.6,252042.67864,0
1709691660000,0.5849,0.5850,0.5836,0.5836,1367368.1,1709691719999,798866.49561,1214,629264.5,367688.88166,0
1709691720000,0.5836,0.5840,0.5830,0.5831,1430930.9,1709691779999,834864.52399,1232,639535.0,373109.11785,0
1709691780000,0.5831,0.5841,0.5827,0.5841,1579035.9,1709691839999,921377.72622,1100,790208.8,461071.36318,0
1709691840000,0.5840,0.5840,0.5829,0.5835,915843.4,1709691899999,534291.75181,746,467832.0,272880.41544,0
1709691900000,0.5834,0.5839,0.5822,0.5825,1478443.9,1709691959999,861762.62907,1345,658229.7,383651.70890,0
1709691960000,0.5826,0.5838,0.5817,0.5821,2899073.1,1709692019999,1688555.45153,2975,1044914.5,608829.61116,0
1709692020000,0.5821,0.5830,0.5819,0.5819,1349081.3,1709692079999,785564.88307,1079,562984.8,327856.12388,0
1709692080000,0.5819,0.5823,0.5806,0.5807,2830164.9,1709692139999,1645448.10371,1849,1432618.6,833061.19264,0
1709692140000,0.5807,0.5814,0.5801,0.5806,2512967.5,1709692199999,1459157.81460,2481,1340427.6,778330.98144,0
1709692200000,0.5806,0.5818,0.5797,0.5807,2706601.5,1709692259999,1571492.97667,2103,884139.0,513485.95861,0
1709692260000,0.5806,0.5814,0.5796,0.5811,2108341.1,1709692319999,1224401.96853,1688,1023432.7,594363.78092,0
1709692320000,0.5811,0.5817,0.5807,0.5810,1244927.2,1709692379999,723409.88093,1212,499739.3,290394.15800,0
1709692380000,0.5810,0.5820,0.5804,0.5817,954844.7,1709692439999,555027.48016,1017,472501.8,274657.99116,0
1709692440000,0.5817,0.5821,0.5814,0.5818,855611.6,1709692499999,497743.19534,840,423362.1,246293.87694,0
1709692500000,0.5819,0.5827,0.5815,0.5815,958291.1,1709692559999,557862.59321,876,475412.9,276808.76515,0
1709692560000,0.5816,0.5822,0.5808,0.5810,749130.8,1709692619999,435577.11464,889,370136.8,215224.91325,0
1709692620000,0.5810,0.5823,0.5808,0.5820,840232.5,1709692679999,488563.65751,804,488917.5,284270.09015,0
1709692680000,0.5820,0.5820,0.5811,0.5813,1165384.7,1709692739999,677560.76105,853,283036.4,164554.80745,0
1709692740000,0.5813,0.5813,0.5805,0.5813,867556.1,1709692799999,503870.97510,732,299605.8,173994.02375,0
1709692800000,0.5814,0.5818,0.5811,0.5815,882140.0,1709692859999,512966.84637,867,431241.3,250771.70245,0
1709692860000,0.5814,0.5821,0.5812,0.5815,1168053.4,1709692919999,679392.75886,1046,729773.8,424462.50867,0
1709692920000,0.5815,0.5823,0.5814,0.5821,911757.4,1709692979999,530487.25752,626,620498.1,361011.18526,0
1709692980000,0.5822,0.5833,0.5820,0.5832,724348.3,1709693039999,422111.37721,701,427341.2,249023.64822,0
1709693040000,0.5832,0.5832,0.5826,0.5829,1498994.6,1709693099999,873785.03567,847,551833.9,321676.19974,0
1709693100000,0.5829,0.5838,0.5827,0.5831,805838.6,1709693159999,469971.12420,868,476114.6,277638.76018,0
1709693160000,0.5830,0.5837,0.5830,0.5830,862079.0,1709693219999,502925.38023,707,334410.2,195098.58262,0
1709693220000,0.5830,0.5830,0.5814,0.5816,1550074.1,1709693279999,902205.86308,1361,690821.9,402064.07538,0
1709693280000,0.5817,0.5826,0.5808,0.5821,1009270.0,1709693339999,587008.34577,1124,469628.8,273151.29013,0
1709693340000,0.5822,0.5823,0.5813,0.5814,1039819.1,1709693399999,604897.23357,960,320817.6,186628.09325,0
1709693400000,0.5814,0.5815,0.5792,0.5794,1871111.1,1709693459999,1085138.49315,1939,606593.3,351630.68078,0
1709693460000,0.5793,0.5804,0.5779,0.5781,2683361.7,1709693519999,1554662.48097,2618,1177008.4,682046.71565,0
1709693520000,0.5781,0.5795,0.5773,0.5784,4710572.2,1709693579999,2723600.82058,2851,2355724.7,1361948.09868,0
1709693580000,0.5784,0.5786,0.5765,0.5768,2987725.3,1709693639999,1724556.41846,2918,1339873.3,773328.09941,0
1709693640000,0.5768,0.5790,0.5768,0.5789,2009165.2,1709693699999,1160782.03750,1655,1011482.1,584370.08840,0
1709693700000,0.5788,0.5792,0.5775,0.5779,2670242.5,1709693759999,1544616.18268,1764,1360411.2,786890.92976,0
1709693760000,0.5779,0.5785,0.5768,0.5782,2330249.1,1709693819999,1346398.72546,1545,1142391.5,660079.82304,0
1709693820000,0.5781,0.5786,0.5769,0.5770,1319196.1,1709693879999,762105.67147,1210,551439.8,318487.52761,0
1709693880000,0.5770,0.5773,0.5759,0.5762,1799314.3,1709693939999,1037466.09689,1782,545031.8,314247.70547,0
1709693940000,0.5761,0.5767,0.5759,0.5759,2182871.9,1709693999999,1257730.40228,2417,721672.7,415843.46853,0
1709694000000,0.5760,0.5777,0.5760,0.5775,1817374.1,1709694059999,1048826.92179,1548,863796.4,498489.36634,0
1709694060000,0.5775,0.5790,0.5774,0.5789,1641495.6,1709694119999,949169.41430,2435,755985.5,437142.12918,0
1709694120000,0.5789,0.5797,0.5788,0.5796,1906712.5,1709694179999,1104601.39625,1560,1182632.7,685152.99641,0
1709694180000,0.5796,0.5799,0.5789,0.5790,1416190.3,1709694239999,820400.39704,1390,762201.0,441583.87722,0
1709694240000,0.5790,0.5806,0.5782,0.5803,1344567.6,1709694299999,779031.60460,1275,729912.1,422943.73185,0
1709694300000,0.5803,0.5804,0.5792,0.5793,1215478.6,1709694359999,704542.29091,1102,455741.7,264179.63620,0
1709694360000,0.5793,0.5796,0.5784,0.5796,1248325.5,1709694419999,722617.37527,1128,535034.7,309724.73507,0
1709694420000,0.5795,0.5804,0.5794,0.5803,731638.9,1709694479999,424290.15000,682,315703.1,183096.66604,0
1709694480000,0.5802,0.5803,0.5794,0.5794,835511.6,1709694539999,484462.62092,680,343567.6,199218.86201,0
1709694540000,0.5795,0.5800,0.5792,0.5794,497831.4,1709694599999,288517.01431,575,230462.1,133573.13509,0
1709694600000,0.5793,0.5796,0.5787,0.5794,685112.3,1709694659999,396776.89869,800,348623.5,201911.48807,0
1709694660000,0.5794,0.5806,0.5792,0.5799,899014.1,1709694719999,521502.09626,919,478041.2,277320.82401,0
1709694720000,0.5800,0.5803,0.5796,0.5798,599223.9,1709694779999,347502.97040,638,273981.4,158893.38370,0
1709694780000,0.5797,0.5798,0.5786,0.5786,894272.4,1709694839999,518019.37733,827,263145.3,152402.52526,0
1709694840000,0.5787,0.5787,0.5767,0.5775,1234138.3,1709694899999,712867.15609,1417,448653.6,259095.22914,0
1709694900000,0.5776,0.5797,0.5776,0.5795,1648012.6,1709694959999,953767.01233,1488,723837.9,418777.85992,0
1709694960000,0.5795,0.5810,0.5792,0.5805,2062392.5,1709695019999,1196918.71847,1702,905271.0,525453.56099,0
1709695020000,0.5805,0.5815,0.5803,0.5814,1052141.7,1709695079999,611062.88196,1035,584341.4,339380.31606,0
1709695080000,0.5814,0.5817,0.5808,0.5808,1707783.3,1709695139999,992824.22946,2049,624147.8,362864.77787,0
1709695140000,0.5808,0.5817,0.5806,0.5816,1127385.3,1709695199999,655139.65600,996,687338.8,399456.09849,0
1709695200000,0.5815,0.5821,0.5814,0.5814,1207807.3,1709695259999,702519.46508,1231,570351.7,331768.36986,0
1709695260000,0.5815,0.5819,0.5809,0.5813,1184149.9,1709695319999,688488.45077,1101,638214.0,371080.24355,0
1709695320000,0.5813,0.5827,0.5809,0.5824,1262634.3,1709695379999,734741.10385,1219,764033.1,444633.93074,0
1709695380000,0.5823,0.5828,0.5821,0.5825,1523233.2,1709695439999,887181.30942,2230,997609.7,581044.83077,0
1709695440000,0.5826,0.5830,0.5820,0.5820,921012.1,1709695499999,536496.06757,873,419762.3,244524.03454,0
1709695500000,0.5820,0.5824,0.5818,0.5820,1388344.3,1709695559999,808093.13160,1039,847065.6,493048.50664,0
1709695560000,0.5821,0.5831,0.5820,0.5823,1351726.0,1709695619999,787549.02030,898,862042.6,502243.28351,0
1709695620000,0.5823,0.5827,0.5821,0.5824,1114286.1,1709695679999,648936.29569,3725,587613.7,342228.87276,0
1709695680000,0.5824,0.5824,0.5816,0.5817,882355.6,1709695739999,513620.03833,762,376164.5,218999.24255,0
1709695740000,0.5817,0.5822,0.5816,0.5819,752373.1,1709695799999,437825.06489,547,497940.0,289790.13288,0
1709695800000,0.5819,0.5821,0.5814,0.5818,911386.2,1709695859999,530171.99290,768,368860.1,214580.71133,0
1709695860000,0.5817,0.5827,0.5815,0.5826,651815.7,1709695919999,379410.94101,696,295790.9,172175.94408,0
1709695920000,0.5827,0.5831,0.5824,0.5828,924002.3,1709695979999,538406.46018,815,288540.1,168157.52061,0
1709695980000,0.5828,0.5832,0.5826,0.5828,1019449.0,1709696039999,594279.77095,907,516704.7,301219.07381,0
1709696040000,0.5827,0.5828,0.5822,0.5828,818413.1,1709696099999,476760.98432,756,440538.5,256652.49934,0
1709696100000,0.5828,0.5831,0.5823,0.5826,1048511.2,1709696159999,610857.76946,808,380365.2,221620.63652,0
1709696160000,0.5826,0.5826,0.5818,0.5818,606355.5,1709696219999,352964.78348,535,270216.3,157296.43398,0
1709696220000,0.5818,0.5819,0.5808,0.5811,1081168.4,1709696279999,628408.57969,923,263741.4,153284.58569,0
1709696280000,0.5812,0.5824,0.5811,0.5821,808275.4,1709696339999,470430.16534,824,441779.2,257123.02179,0
1709696340000,0.5821,0.5827,0.5819,0.5823,519653.4,1709696399999,302628.37018,548,291083.8,169520.52298,0
1709696400000,0.5824,0.5824,0.5820,0.5823,947490.2,1709696459999,551620.91143,681,370631.4,215785.28808,0
1709696460000,0.5822,0.5826,0.5816,0.5820,1140425.8,1709696519999,663782.87572,873,358087.4,208434.59514,0
1709696520000,0.5820,0.5826,0.5818,0.5822,945385.1,1709696579999,550392.65099,741,406451.8,236644.82639,0
1709696580000,0.5822,0.5822,0.5817,0.5820,632076.8,1709696639999,367846.79345,556,346862.0,201876.89043,0
1709696640000,0.5819,0.5820,0.5814,0.5815,806632.7,1709696699999,469166.99672,708,262686.2,152782.19934,0
1709696700000,0.5815,0.5831,0.5814,0.5827,1685363.5,1709696759999,981435.79241,965,933178.5,543491.50415,0
1709696760000,0.5827,0.5832,0.5824,0.5830,609753.6,1709696819999,355378.97674,554,338965.4,197552.83389,0
1709696820000,0.5831,0.5832,0.5823,0.5827,720384.2,1709696879999,419774.67929,725,326834.3,190452.03376,0
1709696880000,0.5828,0.5831,0.5827,0.5829,665375.9,1709696939999,387853.38551,545,432000.8,251829.70244,0
1709696940000,0.5829,0.5832,0.5826,0.5832,478496.5,1709696999999,278925.53427,528,215192.6,125449.30186,0
1709697000000,0.5832,0.5836,0.5831,0.5834,404312.8,1709697059999,235857.59851,655,190690.3,111246.08324,0
1709697060000,0.5834,0.5837,0.5833,0.5835,466126.7,1709697119999,271975.53434,1093,156090.7,91072.38570,0
1709697120000,0.5835,0.5842,0.5835,0.5840,433337.4,1709697179999,253038.21656,765,238367.2,139188.64913,0
1709697180000,0.5840,0.5846,0.5837,0.5838,713420.1,1709697239999,416692.56363,876,362771.0,211889.78195,0
1709697240000,0.5839,0.5844,0.5836,0.5844,467840.2,1709697299999,273154.77886,472,271237.9,158375.13426,0
1709697300000,0.5844,0.5847,0.5836,0.5847,658535.5,1709697359999,384622.27554,657,346119.7,202177.75739,0
1709697360000,0.5847,0.5850,0.5845,0.5848,697536.9,1709697419999,407887.59921,924,376867.7,220382.22816,0
1709697420000,0.5848,0.5850,0.5846,0.5849,661292.4,1709697479999,386714.26701,589,255866.8,149630.99171,0
1709697480000,0.5849,0.5849,0.5845,0.5847,523169.0,1709697539999,305883.64513,616,158265.9,92544.14809,0
1709697540000,0.5847,0.5847,0.5836,0.5839,948096.7,1709697599999,553772.56005,707,361281.1,210970.51027,0
1709697600000,0.5839,0.5848,0.5834,0.5844,1356692.2,1709697659999,792506.03055,1076,530362.6,309798.94469,0
1709697660000,0.5845,0.5849,0.5844,0.5844,572494.3,1709697719999,334676.43139,555,183642.2,107359.06897,0
1709697720000,0.5845,0.5850,0.5843,0.5847,503273.8,1709697779999,294203.00197,526,252848.0,147814.36192,0
1709697780000,0.5847,0.5857,0.5847,0.5853,1801578.1,1709697839999,1054612.11342,1234,1357636.1,794730.77771,0
1709697840000,0.5853,0.5854,0.5848,0.5852,786508.4,1709697899999,460185.44644,746,296395.1,173421.78658,0
1709697900000,0.5852,0.5860,0.5852,0.5856,934872.6,1709697959999,547581.79704,1048,383566.1,224674.35767,0
1709697960000,0.5857,0.5866,0.5856,0.5862,1682363.2,1709698019999,986167.58072,1411,666515.8,390694.42829,0
1709698020000,0.5863,0.5863,0.5845,0.5847,1142461.9,1709698079999,668415.02794,962,389269.4,227639.89726,0
1709698080000,0.5847,0.5857,0.5838,0.5857,776954.8,1709698139999,454116.89141,982,360725.6,210867.02400,0
1709698140000,0.5857,0.5858,0.5850,0.5855,457815.8,1709698199999,267998.17177,471,161627.3,94603.02661,0
1709698200000,0.5855,0.5859,0.5854,0.5858,553176.0,1709698259999,323963.08842,678,213643.0,125123.74023,0
1709698260000,0.5858,0.5862,0.5857,0.5861,684565.1,1709698319999,401085.14055,654,352307.7,206435.95220,0
1709698320000,0.5861,0.5868,0.5859,0.5860,950789.4,1709698379999,557482.05634,1043,388778.2,227940.46835,0
1709698380000,0.5861,0.5864,0.5859,0.5864,814444.3,1709698439999,477371.86762,580,413547.7,242412.76880,0
1709698440000,0.5864,0.5869,0.5863,0.5868,1089625.3,1709698499999,639230.60474,1597,507868.2,297963.39674,0
1709698500000,0.5868,0.5870,0.5863,0.5863,1077895.3,1709698559999,632404.88222,825,326282.7,191459.85179,0
1709698560000,0.5864,0.5873,0.5863,0.5870,560972.4,1709698619999,329113.86069,705,337790.2,198192.01866,0
1709698620000,0.5871,0.5871,0.5865,0.5869,843268.2,1709698679999,494836.66459,666,412695.4,242156.50205,0
1709698680000,0.5869,0.5880,0.5868,0.5877,853830.0,1709698739999,501724.37893,1063,406791.3,238984.17237,0
1709698740000,0.5877,0.5879,0.5869,0.5874,1324394.9,1709698799999,777864.76263,1010,525903.1,308867.96935,0
1709698800000,0.5874,0.5880,0.5873,0.5880,1373665.1,1709698859999,807242.56162,884,888001.6,521855.58606,0
1709698860000,0.5880,0.5889,0.5877,0.5886,759985.8,1709698919999,447147.75013,1099,392457.8,230904.10355,0
1709698920000,0.5886,0.5886,0.5878,0.5881,1124708.8,1709698979999,661596.45071,927,416194.2,244799.51381,0
1709698980000,0.5881,0.5887,0.5878,0.5879,902919.4,1709699039999,531167.71910,1183,432994.9,254751.76544,0
1709699040000,0.5879,0.5879,0.5871,0.5875,1705756.3,1709699099999,1002077.40276,976,914701.1,537361.86615,0
1709699100000,0.5874,0.5874,0.5862,0.5865,1431841.0,1709699159999,840128.89338,1097,766943.2,450026.27442,0
1709699160000,0.5866,0.5871,0.5862,0.5864,2143426.5,1709699219999,1257211.72319,1170,1418797.1,832249.97489,0
1709699220000,0.5865,0.5868,0.5860,0.5861,1262182.9,1709699279999,740132.23984,952,946608.1,555105.87478,0
1709699280000,0.5862,0.5866,0.5861,0.5865,1421683.0,1709699339999,833593.84278,713,925965.5,542963.35062,0
1709699340000,0.5865,0.5865,0.5857,0.5857,1265029.4,1709699399999,741509.29375,835,742228.3,435108.26711,0
1709699400000,0.5858,0.5862,0.5851,0.5852,1018226.7,1709699459999,596425.16311,892,409071.9,239622.34730,0
1709699460000,0.5852,0.5862,0.5850,0.5862,1040784.4,1709699519999,609462.98183,916,544231.1,318667.95742,0
1709699520000,0.5862,0.5864,0.5859,0.5861,663291.6,1709699579999,388758.39888,661,234540.1,137472.44585,0
1709699580000,0.5861,0.5863,0.5857,0.5860,465738.8,1709699639999,272971.21620,453,207927.4,121874.15238,0
1709699640000,0.5860,0.5866,0.5859,0.5865,444376.0,1709699699999,260546.04186,446,276910.0,162367.74421,0
1709699700000,0.5864,0.5871,0.5863,0.5871,652345.8,1709699759999,382678.92947,486,433718.9,254465.36913,0
1709699760000,0.5871,0.5879,0.5871,0.5879,889570.5,1709699819999,522601.43925,697,636147.0,373792.68209,0
1709699820000,0.5880,0.5881,0.5863,0.5864,813610.2,1709699879999,477961.45222,750,255579.0,150141.30962,0
1709699880000,0.5863,0.5867,0.5861,0.5864,817235.6,1709699939999,479238.58388,619,431824.5,253227.07911,0
1709699940000,0.5864,0.5880,0.5863,0.5876,1528810.3,1709699999999,898276.92368,667,418879.4,245960.46727,0
1709700000000,0.5877,0.5888,0.5874,0.5887,1581890.1,1709700059999,930623.97685,1129,1209984.2,711804.17984,0
1709700060000,0.5886,0.5888,0.5882,0.5884,569797.3,1709700119999,335368.14327,509,232701.5,136966.15879,0
1709700120000,0.5885,0.5890,0.5883,0.5888,372945.6,1709700179999,219527.92003,728,220357.1,129713.26216,0
1709700180000,0.5889,0.5891,0.5884,0.5889,637470.9,1709700239999,375301.60849,537,378562.8,222885.43824,0
1709700240000,0.5889,0.5894,0.5889,0.5892,953523.5,1709700299999,561824.53107,873,501910.5,295724.15997,0
1709700300000,0.5891,0.5895,0.5887,0.5894,1117643.6,1709700359999,658409.12122,1167,589156.9,347063.90696,0
1709700360000,0.5895,0.5897,0.5891,0.5896,1254457.8,1709700419999,739358.24134,1105,536048.3,315995.11401,0
1709700420000,0.5896,0.5899,0.5893,0.5895,552241.6,1709700479999,325596.54742,655,259670.2,153105.44497,0
1709700480000,0.5896,0.5910,0.5894,0.5906,1017649.3,1709700539999,600695.32033,1314,633325.4,373780.96611,0
1709700540000,0.5905,0.5910,0.5903,0.5910,551788.1,1709700599999,325916.96667,593,304667.8,179963.80315,0
1709700600000,0.5909,0.5914,0.5906,0.5912,1168697.1,1709700659999,690731.39947,1096,570912.2,337419.70165,0
1709700660000,0.5912,0.5917,0.5909,0.5915,1864916.0,1709700719999,1102630.23059,1132,846317.2,500424.07020,0
1709700720000,0.5916,0.5925,0.5915,0.5919,2636664.1,1709700779999,1560670.02487,1751,1085907.4,642780.70701,0
1709700780000,0.5918,0.5933,0.5917,0.5929,1412115.5,1709700839999,836910.40188,1294,715112.7,423752.74606,0
1709700840000,0.5930,0.5941,0.5923,0.5939,1495149.4,1709700899999,886957.76412,1882,852637.3,505844.62300,0
1709700900000,0.5940,0.5954,0.5933,0.5952,2292840.1,1709700959999,1363381.42611,2185,878214.8,522131.87161,0
1709700960000,0.5952,0.5961,0.5948,0.5960,2385085.3,1709701019999,1419730.48448,3277,1097779.6,653483.29412,0
1709701020000,0.5961,0.5974,0.5956,0.5964,3078291.5,1709701079999,1836294.64991,2645,1680488.6,1002500.34116,0
1709701080000,0.5964,0.5968,0.5947,0.5947,3279018.6,1709701139999,1953642.59617,2500,1352822.5,805854.29079,0
1709701140000,0.5947,0.5960,0.5944,0.5959,3628039.2,1709701199999,2158221.39729,2023,2006870.2,1193938.11017,0
1709701200000,0.5959,0.5969,0.5950,0.5968,2807895.0,1709701259999,1673455.79175,1933,1610357.7,959785.35295,0
1709701260000,0.5967,0.5967,0.5943,0.5945,2690520.1,1709701319999,1601600.94418,1762,1080327.0,643105.45553,0
1709701320000,0.5945,0.5952,0.5939,0.5943,2365950.6,1709701379999,1406576.40977,1866,1255276.8,746293.28029,0
1709701380000,0.5942,0.5952,0.5936,0.5947,3479460.6,1709701439999,2068626.75699,2229,2018486.1,1200085.22063,0
1709701440000,0.5948,0.5958,0.5943,0.5950,1998305.0,1709701499999,1189016.23597,1468,1253940.4,746105.30784,0
1709701500000,0.5950,0.5952,0.5941,0.5947,1478856.2,1709701559999,879522.35695,1191,810193.2,481846.76532,0
1709701560000,0.5946,0.5959,0.5945,0.5947,1970562.8,1709701619999,1173107.68690,1248,1191559.7,709509.17947,0
1709701620000,0.5947,0.5957,0.5942,0.5957,1377537.4,1709701679999,819383.73475,1307,758767.1,451367.27993,0
1709701680000,0.5957,0.5982,0.5956,0.5979,2752555.0,1709701739999,1644436.46150,2389,1500317.2,896304.34896,0
1709701740000,0.5979,0.5988,0.5972,0.5988,2122334.0,1709701799999,1268898.13120,2340,1173245.7,701480.23133,0
1709701800000,0.5987,0.5994,0.5979,0.5992,2077054.3,1709701859999,1243480.05018,2739,956927.5,572883.62653,0
1709701860000,0.5991,0.5998,0.5987,0.5991,1952931.4,1709701919999,1170316.03217,1798,833938.9,499747.36945,0
1709701920000,0.5990,0.6006,0.5988,0.5996,4031203.2,1709701979999,2418014.10983,3340,1687595.1,1012462.70380,0
1709701980000,0.5996,0.5996,0.5981,0.5993,2257062.3,1709702039999,1351444.02047,1911,1056932.2,632858.86495,0
1709702040000,0.5993,0.6010,0.5991,0.6008,2717981.8,1709702099999,1631593.67785,2586,1250025.5,750438.43290,0
1709702100000,0.6007,0.6017,0.5988,0.6002,3751343.9,1709702159999,2251365.17376,3843,1554221.4,932816.14656,0
1709702160000,0.6002,0.6015,0.5994,0.5997,1758570.1,1709702219999,1055831.52297,1702,1064625.9,639169.73093,0
1709702220000,0.5996,0.6003,0.5988,0.5995,1817640.9,1709702279999,1089361.80879,1514,1180347.3,707416.12845,0
1709702280000,0.5996,0.6005,0.5993,0.6000,1569910.6,1709702339999,941790.40766,1701,760594.4,456271.25721,0
1709702340000,0.6001,0.6010,0.5998,0.6004,1124819.7,1709702399999,675265.30286,1120,504055.8,302618.27894,0
1709702400000,0.6005,0.6013,0.5995,0.6007,2637880.2,1709702459999,1583613.84971,2067,1666545.1,1000535.22456,0
1709702460000,0.6007,0.6035,0.6006,0.6033,2321469.0,1709702519999,1397978.88078,3452,1609155.5,969051.88771,0
1709702520000,0.6033,0.6035,0.6012,0.6032,3609569.2,1709702579999,2175225.04521,4093,1905094.5,1148112.03303,0
1709702580000,0.6032,0.6042,0.6027,0.6028,2403752.4,1709702639999,1450355.67536,2981,1456938.5,879130.61961,0
1709702640000,0.6028,0.6038,0.6028,0.6029,1252603.2,1709702699999,755561.82561,1114,768654.9,463664.55524,0
1709702700000,0.6028,0.6035,0.6016,0.6022,1914194.9,1709702759999,1153095.38522,1564,826069.0,497732.71517,0
1709702760000,0.6023,0.6032,0.6021,0.6027,1185456.6,1709702819999,714359.81968,1647,580546.7,349806.77766,0
1709702820000,0.6027,0.6036,0.6023,0.6031,1195902.3,1709702879999,721079.16386,1128,565467.3,340959.63153,0
1709702880000,0.6031,0.6040,0.6025,0.6038,1509391.8,1709702939999,910199.09677,1629,684036.3,412546.01665,0
1709702940000,0.6037,0.6048,0.6035,0.6039,1711010.5,1709702999999,1033626.12781,1782,889968.3,537723.64816,0
1709703000000,0.6039,0.6045,0.6031,0.6039,1862998.5,1709703059999,1125176.88995,2055,921760.0,556736.47650,0
1709703060000,0.6038,0.6050,0.6025,0.6049,1935268.7,1709703119999,1167958.80022,2242,899348.8,542983.73090,0
1709703120000,0.6049,0.6050,0.6030,0.6034,1671075.1,1709703179999,1009295.83398,1525,586487.5,354262.67194,0
1709703180000,0.6034,0.6039,0.6026,0.6036,1235621.6,1709703239999,745373.00213,1726,535036.2,322765.44339,0
1709703240000,0.6035,0.6036,0.6010,0.6010,1780679.6,1709703299999,1072259.67264,1622,550786.7,331701.45187,0
1709703300000,0.6011,0.6027,0.6008,0.6021,1836485.8,1709703359999,1105066.75575,2008,1030939.1,620379.88777,0
1709703360000,0.6021,0.6046,0.6019,0.6041,1210972.2,1709703419999,731050.78763,2099,780872.7,471405.40384,0
1709703420000,0.6042,0.6054,0.6039,0.6053,1968342.7,1709703479999,1190505.62376,1888,956972.3,578763.98047,0
1709703480000,0.6052,0.6052,0.6043,0.6047,1753106.8,1709703539999,1060201.45364,1257,976684.5,590677.23646,0
1709703540000,0.6047,0.6050,0.6037,0.6043,1354119.4,1709703599999,818102.89029,1177,619069.2,374079.01414,0
1709703600000,0.6043,0.6050,0.6036,0.6041,1281890.5,1709703659999,774592.83879,1051,733078.8,443002.27601,0
1709703660000,0.6040,0.6045,0.6032,0.6034,2051742.7,1709703719999,1239060.55894,1110,420215.0,253704.43453,0
1709703720000,0.6035,0.6041,0.6032,0.6040,1546403.4,1709703779999,933422.53839,1087,711240.1,429319.66975,0
1709703780000,0.6039,0.6046,0.6034,0.6044,870790.5,1709703839999,525946.80395,737,414272.0,250232.00171,0
1709703840000,0.6044,0.6046,0.6038,0.6042,913214.1,1709703899999,551813.05998,709,335461.5,202707.08462,0
1709703900000,0.6042,0.6045,0.6037,0.6044,866749.6,1709703959999,523604.89784,778,513921.3,310471.26246,0
1709703960000,0.6043,0.6043,0.6010,0.6016,5280176.2,1709704019999,3178842.33219,3017,1763221.0,1061302.66863,0
1709704020000,0.6016,0.6028,0.6011,0.6023,2601955.6,1709704079999,1566077.20595,1533,1535625.9,924105.42454,0
1709704080000,0.6022,0.6036,0.6022,0.6031,2947818.8,1709704139999,1777578.33098,1679,1169441.9,705247.39325,0
1709704140000,0.6030,0.6044,0.6029,0.6031,1824120.1,1709704199999,1101042.20687,5914,1128275.4,681002.69802,0
1709704200000,0.6032,0.6036,0.6024,0.6027,1334994.8,1709704259999,804828.22765,9091,667829.8,402588.95533,0
1709704260000,0.6027,0.6028,0.6017,0.6018,1234761.6,1709704319999,743558.20427,5069,540906.8,325725.64518,0
1709704320000,0.6018,0.6023,0.6015,0.6018,1075565.9,1709704379999,647278.53763,906,513347.5,308927.27235,0
1709704380000,0.6018,0.6024,0.6016,0.6022,865650.6,1709704439999,521142.35498,667,394502.3,237514.31703,0
1709704440000,0.6021,0.6028,0.6020,0.6022,1327599.7,1709704499999,799854.49299,806,528154.4,318204.54391,0
1709704500000,0.6022,0.6024,0.6019,0.6024,1190730.5,1709704559999,717058.62809,704,751796.2,452758.55812,0
1709704560000,0.6023,0.6035,0.6021,0.6035,1071715.4,1709704619999,646164.77140,874,604759.2,364616.68747,0
1709704620000,0.6036,0.6044,0.6036,0.6043,1263716.6,1709704679999,763257.33724,985,1079852.5,652213.94663,0
1709704680000,0.6043,0.6056,0.6040,0.6056,3238644.0,1709704739999,1958287.02647,1828,1891888.3,1144301.73842,0
1709704740000,0.6056,0.6061,0.6052,0.6054,2130230.2,1709704799999,1290253.48027,1707,1227144.0,743371.97777,0
1709704800000,0.6054,0.6057,0.6038,0.6041,2415424.9,1709704859999,1460481.46161,1931,796024.1,481288.55671,0
1709704860000,0.6040,0.6045,0.6036,0.6039,1565781.1,1709704919999,945782.87075,1352,889069.7,537033.23526,0
1709704920000,0.6038,0.6064,0.6035,0.6053,5935428.4,1709704979999,3592681.21773,3068,3377792.2,2044010.51700,0
1709704980000,0.6052,0.6058,0.6048,0.6050,1363789.9,1709705039999,825592.88449,1115,756148.8,457731.18117,0
1709705040000,0.6050,0.6054,0.6040,0.6049,1376077.5,1709705099999,831991.01781,1482,678554.2,410317.70470,0
1709705100000,0.6049,0.6049,0.6041,0.6048,1223262.8,1709705159999,739399.61777,1103,364772.0,220470.46777,0
1709705160000,0.6049,0.6049,0.6036,0.6038,860881.0,1709705219999,520159.92947,873,370915.7,224130.53308,0
1709705220000,0.6037,0.6051,0.6036,0.6043,1089871.0,1709705279999,658841.41946,963,733190.5,443252.10978,0
1709705280000,0.6043,0.6048,0.6036,0.6048,863397.6,1709705339999,521634.87143,795,289298.8,174781.74603,0
1709705340000,0.6047,0.6053,0.6046,0.6050,730728.0,1709705399999,442108.50668,730,358958.9,217207.84739,0
1709705400000,0.6051,0.6066,0.6048,0.6062,1173826.8,1709705459999,711082.71274,1103,775436.5,469759.10413,0
1709705460000,0.6063,0.6070,0.6059,0.6064,1818249.7,1709705519999,1102822.80307,1286,1084600.5,657865.86565,0
1709705520000,0.6064,0.6074,0.6059,0.6073,1508560.3,1709705579999,915630.94734,1407,797503.7,484080.16152,0
1709705580000,0.6072,0.6080,0.6070,0.6077,2186145.4,1709705639999,1328232.66754,1603,1356940.0,824446.81932,0
1709705640000,0.6076,0.6079,0.6058,0.6059,1139361.2,1709705699999,691372.91313,1179,251423.5,152592.80723,0
1709705700000,0.6059,0.6068,0.6051,0.6053,2982748.1,1709705759999,1806726.54514,1772,1034502.4,626752.05733,0
1709705760000,0.6052,0.6067,0.6050,0.6066,1252500.4,1709705819999,758622.89155,1259,671781.8,406906.66341,0
1709705820000,0.6067,0.6071,0.6061,0.6067,806077.3,1709705879999,488959.19453,962,363567.5,220512.84375,0
1709705880000,0.6067,0.6070,0.6054,0.6061,1198339.5,1709705939999,726621.88007,1564,597503.4,362311.27076,0
1709705940000,0.6060,0.6061,0.6047,0.6055,4011512.7,1709705999999,2428065.15711,2308,1946275.6,1178016.95446,0
1709706000000,0.6055,0.6058,0.6045,0.6050,1140509.2,1709706059999,690071.21394,1089,636649.0,385225.53358,0
1709706060000,0.6051,0.6051,0.6030,0.6033,1957085.0,1709706119999,1181705.04562,2105,588095.6,355107.04203,0
1709706120000,0.6034,0.6044,0.6027,0.6040,1332215.7,1709706179999,804006.00874,1223,725595.2,437919.47530,0
1709706180000,0.6039,0.6046,0.6034,0.6046,1162406.9,1709706239999,702059.43851,965,610360.3,368694.97082,0
1709706240000,0.6045,0.6046,0.6036,0.6036,1122562.3,1709706299999,678253.69487,4642,383620.2,231804.80527,0
1709706300000,0.6036,0.6048,0.6034,0.6048,1089533.5,1709706359999,658000.52993,957,599349.3,362004.40503,0
1709706360000,0.6048,0.6051,0.6040,0.6044,1196084.6,1709706419999,723064.38251,1466,423286.2,255901.24871,0
1709706420000,0.6043,0.6045,0.6032,0.6035,1138754.0,1709706479999,687499.26554,1251,368933.4,222718.76443,0
1709706480000,0.6036,0.6041,0.6034,0.6038,791920.2,1709706539999,478164.42335,578,417332.0,251987.26375,0
1709706540000,0.6038,0.6045,0.6036,0.6041,1343037.7,1709706599999,811322.19444,805,735545.0,444398.40117,0
1709706600000,0.6041,0.6050,0.6038,0.6049,746813.9,1709706659999,451296.16257,702,389826.0,235602.94858,0
1709706660000,0.6050,0.6054,0.6045,0.6050,1090269.2,1709706719999,659600.40223,805,450949.2,272804.79518,0
1709706720000,0.6050,0.6050,0.6039,0.6039,1004290.5,1709706779999,606932.24859,731,416238.2,251541.79228,0
1709706780000,0.6039,0.6052,0.6034,0.6051,1999570.3,1709706839999,1207814.51803,1614,1220541.8,737528.15091,0
1709706840000,0.6052,0.6057,0.6048,0.6053,1217218.9,1709706899999,736705.04796,820,491909.2,297744.68033,0
1709706900000,0.6053,0.6057,0.6045,0.6048,1035243.7,1709706959999,626510.60430,767,471771.2,285484.72056,0
1709706960000,0.6049,0.6058,0.6048,0.6056,738016.0,1709707019999,446766.86723,652,443835.7,268674.19119,0
1709707020000,0.6057,0.6057,0.6050,0.6053,508954.5,1709707079999,308055.53488,519,247592.5,149854.11715,0
1709707080000,0.6053,0.6057,0.6048,0.6049,372319.0,1709707139999,225347.40900,452,161670.9,97869.72892,0
1709707140000,0.6049,0.6060,0.6048,0.6059,713189.4,1709707199999,431923.76320,650,196157.5,118776.76032,0
1709707200000,0.6059,0.6073,0.6058,0.6070,1022097.7,1709707259999,619881.27794,1049,730121.4,442785.04478,0
1709707260000,0.6070,0.6078,0.6067,0.6076,1141423.0,1709707319999,693213.33937,1221,618221.2,375468.95039,0
1709707320000,0.6076,0.6080,0.6066,0.6070,1328621.8,1709707379999,806798.11144,1097,706782.8,429282.34755,0
1709707380000,0.6069,0.6071,0.6064,0.6068,799428.3,1709707439999,484996.01156,669,319269.8,193712.99328,0
1709707440000,0.6067,0.6076,0.6067,0.6073,426991.3,1709707499999,259278.35125,486,234373.1,142310.66388,0
1709707500000,0.6073,0.6074,0.6063,0.6070,822394.5,1709707559999,499117.52926,809,350466.6,212682.59827,0
1709707560000,0.6069,0.6071,0.6065,0.6068,714349.0,1709707619999,433519.59916,687,402210.3,244100.31918,0
1709707620000,0.6068,0.6070,0.6045,0.6054,1804687.3,1709707679999,1092347.78150,1493,1055400.4,638781.43976,0
1709707680000,0.6054,0.6065,0.6051,0.6065,1842869.3,1709707739999,1116189.29806,1230,1063073.4,643887.69998,0
1709707740000,0.6065,0.6065,0.6052,0.6052,880290.2,1709707799999,533243.78312,816,250516.3,151741.95232,0
1709707800000,0.6051,0.6064,0.6050,0.6063,756764.0,1709707859999,458335.96662,911,434328.4,263060.19540,0
1709707860000,0.6063,0.6065,0.6056,0.6062,559786.6,1709707919999,339272.55979,584,226739.1,137414.53956,0
1709707920000,0.6063,0.6064,0.6056,0.6058,807631.7,1709707979999,489474.48808,652,476260.4,288675.25830,0
1709707980000,0.6058,0.6070,0.6056,0.6069,474476.4,1709708039999,287602.28940,631,299327.8,181448.74917,0
1709708040000,0.6069,0.6073,0.6064,0.6066,793923.8,1709708099999,481831.92092,784,363019.1,220318.64641,0
1709708100000,0.6066,0.6069,0.6061,0.6069,1046701.0,1709708159999,634925.49536,688,511774.8,310459.49390,0
1709708160000,0.6068,0.6074,0.6064,0.6074,588822.3,1709708219999,357301.59581,565,385195.0,233742.65535,0
1709708220000,0.6074,0.6076,0.6069,0.6069,593884.9,1709708279999,360608.15079,572,218078.9,132443.64003,0
1709708280000,0.6069,0.6071,0.6064,0.6066,516319.5,1709708339999,313289.36202,466,238780.7,144885.86601,0
1709708340000,0.6066,0.6066,0.6063,0.6065,506696.0,1709708399999,307314.81086,502,187553.0,113756.52378,0
1709708400000,0.6065,0.6073,0.6064,0.6066,606631.5,1709708459999,368144.53568,710,372999.1,226350.16852,0
1709708460000,0.6066,0.6067,0.6055,0.6057,1815965.3,1709708519999,1100817.21547,1205,842500.8,510775.24564,0
1709708520000,0.6056,0.6059,0.6042,0.6046,1152708.1,1709708579999,697498.10369,1146,404829.6,244966.51760,0
1709708580000,0.6045,0.6051,0.6035,0.6037,2074810.0,1709708639999,1253804.96678,1800,849454.9,513383.50156,0
1709708640000,0.6037,0.6055,0.6032,0.6049,1873569.5,1709708699999,1131212.57409,1672,755950.3,456549.23212,0
1709708700000,0.6048,0.6054,0.6045,0.6049,883583.8,1709708759999,534490.50055,956,446654.8,270181.78387,0
1709708760000,0.6049,0.6057,0.6049,0.6054,840296.2,1709708819999,508630.51127,713,406370.8,245961.32621,0
1709708820000,0.6054,0.6070,0.6052,0.6069,1524210.4,1709708879999,923563.67726,1345,1150862.7,697336.68322,0
1709708880000,0.6069,0.6072,0.6064,0.6071,892685.7,1709708939999,541714.80569,1064,470525.3,285526.19480,0
1709708940000,0.6071,0.6076,0.6053,0.6059,1138302.9,1709708999999,690098.52376,1141,440081.4,266890.46979,0
1709709000000,0.6059,0.6072,0.6055,0.6069,1480764.6,1709709059999,897769.98923,1203,667293.4,404562.16995,0
1709709060000,0.6069,0.6080,0.6058,0.6061,5441441.7,1709709119999,3301754.55074,2531,1330469.7,807245.97401,0
1709709120000,0.6061,0.6070,0.6058,0.6070,1748241.4,1709709179999,1060244.74061,913,1359685.7,824663.09621,0
1709709180000,0.6070,0.6077,0.6069,0.6073,893681.5,1709709239999,542711.32888,665,362295.3,220010.23400,0
1709709240000,0.6072,0.6075,0.6065,0.6071,1421806.0,1709709299999,863131.30659,870,739782.5,449102.75040,0
1709709300000,0.6072,0.6081,0.6065,0.6069,4490108.4,1709709359999,2726419.18422,1723,1902759.4,1155645.28089,0
1709709360000,0.6068,0.6076,0.6062,0.6069,3377545.6,1709709419999,2049813.00741,1749,2209941.5,1341209.42428,0
1709709420000,0.6069,0.6074,0.6063,0.6069,1791902.2,1709709479999,1087513.02313,722,494036.6,299780.49583,0
1709709480000,0.6070,0.6076,0.6069,0.6075,1135225.2,1709709539999,689540.42314,865,530758.7,322381.60134,0
1709709540000,0.6075,0.6082,0.6074,0.6082,2086625.5,1709709599999,1268397.29234,972,1105788.9,672138.68467,0
1709709600000,0.6081,0.6088,0.6080,0.6088,2356579.8,1709709659999,1433658.14705,1395,1257161.1,764975.73575,0
1709709660000,0.6088,0.6089,0.6085,0.6086,808270.1,1709709719999,491943.07136,702,446724.5,271894.41852,0
1709709720000,0.6086,0.6087,0.6084,0.6087,636657.4,1709709779999,387437.18832,481,374638.7,227999.35503,0
1709709780000,0.6087,0.6094,0.6085,0.6092,1027625.9,1709709839999,625813.92926,978,788592.9,480251.28970,0
1709709840000,0.6093,0.6103,0.6090,0.6102,2777640.6,1709709899999,1693734.42178,2403,1803851.6,1099855.28314,0
1709709900000,0.6102,0.6102,0.6090,0.6091,1635337.9,1709709959999,996839.44519,950,619891.4,377778.17256,0
1709709960000,0.6091,0.6094,0.6082,0.6085,2214128.2,1709710019999,1348205.22035,975,626553.4,381570.57659,0
1709710020000,0.6085,0.6095,0.6085,0.6091,1552366.7,1709710079999,945636.47020,965,813839.5,495756.12664,0
1709710080000,0.6091,0.6096,0.6090,0.6094,916353.4,1709710139999,558319.14187,677,676045.5,411900.65554,0
1709710140000,0.6094,0.6097,0.6093,0.6095,730049.8,1709710199999,444997.14485,507,394547.7,240488.38952,0
1709710200000,0.6095,0.6095,0.6083,0.6084,1467219.6,1709710259999,893430.75131,723,436201.8,265565.31168,0
1709710260000,0.6085,0.6089,0.6077,0.6079,1060856.0,1709710319999,645122.55599,882,732591.4,445486.60627,0
1709710320000,0.6079,0.6092,0.6079,0.6090,1042103.5,1709710379999,634209.71235,831,513194.7,312302.31651,0
1709710380000,0.6091,0.6096,0.6091,0.6091,720615.7,1709710439999,439123.61337,673,489306.7,298160.54889,0
1709710440000,0.6091,0.6094,0.6084,0.6087,2257899.0,1709710499999,1374750.70852,929,699896.8,426183.65362,0
1709710500000,0.6087,0.6099,0.6087,0.6092,1208335.4,1709710559999,736421.58235,849,794227.7,484048.58591,0
1709710560000,0.6093,0.6099,0.6093,0.6096,1430323.9,1709710619999,872102.72739,1452,833391.2,508151.44621,0
1709710620000,0.6096,0.6097,0.6088,0.6095,884989.2,1709710679999,539098.88713,702,326848.5,199132.94857,0
1709710680000,0.6096,0.6101,0.6094,0.6100,750882.5,1709710739999,457868.35228,615,466474.4,284472.26655,0
1709710740000,0.6100,0.6101,0.6097,0.6101,515793.4,1709710799999,314567.15491,555,355844.1,217020.01037,0
1709710800000,0.6101,0.6106,0.6100,0.6104,1163473.6,1709710859999,710176.61169,983,913272.2,557480.42543,0
1709710860000,0.6105,0.6109,0.6102,0.6104,1427046.9,1709710919999,871352.44729,1176,949109.6,579597.62998,0
1709710920000,0.6105,0.6119,0.6104,0.6117,1365684.1,1709710979999,834920.06668,1825,1002980.7,613258.20296,0
1709710980000,0.6117,0.6133,0.6111,0.6125,3340705.6,1709711039999,2045283.80390,3311,2132634.3,1305509.80183,0
1709711040000,0.6124,0.6128,0.6110,0.6115,1418481.0,1709711099999,868220.46472,1338,674870.6,413056.50318,0
1709711100000,0.6115,0.6128,0.6114,0.6125,1690988.1,1709711159999,1035387.62103,1306,1010991.0,618995.49728,0
1709711160000,0.6125,0.6128,0.6124,0.6128,836851.2,1709711219999,512712.24689,629,577474.3,353797.65543,0
1709711220000,0.6128,0.6130,0.6113,0.6124,2425766.9,1709711279999,1485118.24699,1613,1249713.3,765138.68606,0
1709711280000,0.6124,0.6128,0.6114,0.6122,1884290.5,1709711339999,1153568.52600,1272,920763.7,563667.21735,0
1709711340000,0.6122,0.6132,0.6122,0.6132,1074367.6,1709711399999,658194.13256,940,579820.7,355251.03440,0
1709711400000,0.6131,0.6141,0.6130,0.6141,1906737.8,1709711459999,1170033.51139,1762,1276041.8,783006.98388,0
1709711460000,0.6140,0.6165,0.6139,0.6164,4599854.1,1709711519999,2828887.52731,5164,3026703.4,1861531.52824,0
1709711520000,0.6164,0.6171,0.6145,0.6153,4418926.6,1709711579999,2722088.73660,4440,2631207.0,1621034.70857,0
1709711580000,0.6153,0.6163,0.6152,0.6162,1513315.6,1709711639999,931777.60370,1049,979659.4,603189.10318,0
1709711640000,0.6163,0.6179,0.6157,0.6170,4153034.0,1709711699999,2562832.05018,2573,2455985.9,1515540.67058,0
1709711700000,0.6170,0.6170,0.6160,0.6161,1928987.6,1709711759999,1188947.36126,1338,847432.0,522330.26321,0
1709711760000,0.6161,0.6166,0.6148,0.6148,2704745.5,1709711819999,1664733.44461,1679,747899.9,460556.50518,0
1709711820000,0.6148,0.6151,0.6136,0.6142,2805235.5,1709711879999,1723255.09758,2156,736798.3,452598.95194,0
1709711880000,0.6142,0.6150,0.6142,0.6145,1413623.4,1709711939999,868896.67388,1109,714558.1,439203.94317,0
1709711940000,0.6146,0.6163,0.6143,0.6155,2621059.5,1709711999999,1612729.44508,1684,1451202.8,893010.01202,0
1709712000000,0.6154,0.6165,0.6153,0.6157,1768472.5,1709712059999,1089151.80777,1393,1155914.9,711953.24450,0
1709712060000,0.6158,0.6165,0.6157,0.6161,926328.2,1709712119999,570722.71943,997,490877.8,302444.11011,0
1709712120000,0.6162,0.6163,0.6141,0.6145,1866325.1,1709712179999,1148127.44171,1500,630766.3,388030.78245,0
1709712180000,0.6144,0.6146,0.6131,0.6143,1612318.8,1709712239999,989310.54394,1495,638312.7,391726.96309,0
1709712240000,0.6143,0.6169,0.6141,0.6161,2482446.8,1709712299999,1529025.40413,1932,1331823.0,820444.07332,0
1709712300000,0.6161,0.6165,0.6151,0.6151,1181038.5,1709712359999,727469.40259,1038,521403.0,321172.84388,0
1709712360000,0.6152,0.6164,0.6148,0.6158,1614033.2,1709712419999,993604.01878,1187,1018226.9,626907.91356,0
1709712420000,0.6157,0.6163,0.6154,0.6161,1364388.8,1709712479999,840316.98276,1121,594230.7,366034.09846,0
1709712480000,0.6160,0.6162,0.6153,0.6162,943905.4,1709712539999,581128.86129,910,524528.8,322950.82005,0
1709712540000,0.6162,0.6173,0.6161,0.6171,1720208.8,1709712599999,1060767.96628,1239,767587.3,473397.63798,0
1709712600000,0.6171,0.6187,0.6171,0.6183,2621896.2,1709712659999,1620560.43200,2960,1606693.8,993088.62033,0
1709712660000,0.6183,0.6195,0.6174,0.6194,2590665.9,1709712719999,1602377.79285,2335,1421481.0,879235.74978,0
1709712720000,0.6193,0.6197,0.6182,0.6197,2130250.7,1709712779999,1318883.55944,1795,1120126.9,693461.23261,0
1709712780000,0.6197,0.6202,0.6193,0.6200,2070451.7,1709712839999,1283002.62653,1709,1181023.0,731922.98374,0
1709712840000,0.6200,0.6202,0.6196,0.6198,1475015.9,1709712899999,914383.34976,1240,608314.0,377130.66255,0
1709712900000,0.6197,0.6202,0.6187,0.6202,1777422.8,1709712959999,1100803.10640,1346,855087.6,529600.62434,0
1709712960000,0.6202,0.6227,0.6199,0.6220,4524326.8,1709713019999,2811436.75240,4352,3289203.9,2044029.57825,0
1709713020000,0.6220,0.6228,0.6208,0.6210,3033671.1,1709713079999,1886026.94898,2359,1516612.0,942819.77976,0
1709713080000,0.6209,0.6220,0.6209,0.6217,2470567.8,1709713139999,1535480.59853,1928,1409706.8,876192.31458,0
1709713140000,0.6217,0.6230,0.6217,0.6220,1882754.5,1709713199999,1172083.99435,1838,1049895.0,653581.41051,0
1709713200000,0.6220,0.6232,0.6211,0.6211,2131149.0,1709713259999,1325535.89053,1715,883860.8,549875.77468,0
1709713260000,0.6211,0.6213,0.6198,0.6213,2507481.7,1709713319999,1555886.64857,2209,1135873.4,704825.97890,0
1709713320000,0.6212,0.6223,0.6210,0.6219,1726266.3,1709713379999,1072989.72769,1461,902105.7,560724.81946,0
1709713380000,0.6218,0.6221,0.6213,0.6221,1236206.3,1709713439999,768471.55039,1088,772503.5,480208.67708,0
1709713440000,0.6221,0.6238,0.6220,0.6234,2130406.8,1709713499999,1327619.38815,2030,1379716.8,859925.61757,0
1709713500000,0.6233,0.6234,0.6211,0.6219,2131562.3,1709713559999,1326167.06846,2959,1063193.5,661325.57214,0
1709713560000,0.6218,0.6221,0.6208,0.6220,1454667.4,1709713619999,903850.74291,1448,648075.8,402681.75208,0
1709713620000,0.6220,0.6228,0.6216,0.6223,1528670.7,1709713679999,951177.15220,1421,653669.4,406778.26591,0
1709713680000,0.6223,0.6230,0.6220,0.6222,754631.0,1709713739999,469603.30698,868,378408.0,235467.88073,0
1709713740000,0.6221,0.6232,0.6215,0.6232,1008682.4,1709713799999,627836.57122,955,555452.1,345749.60583,0
1709713800000,0.6232,0.6242,0.6222,0.6240,1799829.2,1709713859999,1121496.72601,1630,869703.5,541894.14134,0
1709713860000,0.6240,0.6243,0.6224,0.6228,1996009.5,1709713919999,1243963.50820,1651,1039099.6,647576.31413,0
1709713920000,0.6228,0.6233,0.6226,0.6230,1079098.5,1709713979999,672182.07444,1837,488846.6,304519.29864,0
1709713980000,0.6230,0.6239,0.6229,0.6238,1183193.3,1709714039999,737687.98093,1004,678399.4,422964.21042,0
1709714040000,0.6237,0.6250,0.6233,0.6233,2638959.6,1709714099999,1647866.65038,2341,1779545.1,1111519.96968,0
1709714100000,0.6234,0.6245,0.6230,0.6230,1716518.4,1709714159999,1070535.79138,1694,827189.2,515930.32234,0
1709714160000,0.6229,0.6237,0.6229,0.6231,1049531.1,1709714219999,654127.28999,1090,499445.0,311291.87508,0
1709714220000,0.6230,0.6231,0.6216,0.6223,2162972.2,1709714279999,1346393.75900,1917,817865.3,509141.79407,0
1709714280000,0.6222,0.6227,0.6220,0.6221,1118660.4,1709714339999,696269.13587,992,551737.6,343402.43669,0
1709714340000,0.6221,0.6222,0.6208,0.6209,1740771.4,1709714399999,1081526.70090,1905,591054.5,367194.52747,0
1709714400000,0.6208,0.6223,0.6207,0.6211,1903793.3,1709714459999,1182597.99175,1763,996388.1,618937.03413,0
1709714460000,0.6210,0.6211,0.6181,0.6190,4489034.1,1709714519999,2779139.38755,3625,1416935.7,876936.63347,0
1709714520000,0.6191,0.6195,0.6175,0.6187,4412276.2,1709714579999,2728369.54798,2970,1792083.4,1108090.84860,0
1709714580000,0.6187,0.6205,0.6187,0.6203,2699221.0,1709714639999,1672608.39709,2076,1077743.9,667792.96073,0
1709714640000,0.6202,0.6212,0.6187,0.6194,1925088.1,1709714699999,1193519.47296,1713,680575.0,421930.52353,0
1709714700000,0.6195,0.6197,0.6171,0.6174,3588359.1,1709714759999,2218529.00920,2477,1137119.4,703189.78619,0
1709714760000,0.6175,0.6181,0.6166,0.6179,3524162.0,1709714819999,2175417.43388,2454,1362455.2,840996.02815,0
1709714820000,0.6179,0.6179,0.6154,0.6157,3683274.8,1709714879999,2271021.13581,2854,1420095.4,875450.70683,0
1709714880000,0.6156,0.6167,0.6150,0.6151,3404300.7,1709714939999,2096588.48400,3236,1264901.6,779223.57094,0
1709714940000,0.6151,0.6171,0.6150,0.6161,2227214.4,1709714999999,1372187.27046,1674,887842.2,546986.58610,0
1709715000000,0.6161,0.6165,0.6151,0.6154,1871710.7,1709715059999,1152290.73112,1674,831410.4,511838.60624,0
1709715060000,0.6155,0.6159,0.6137,0.6149,3367601.8,1709715119999,2070095.02993,2903,1276771.1,785067.25797,0
1709715120000,0.6149,0.6162,0.6145,0.6158,2095489.1,1709715179999,1289546.47514,1682,929047.8,571767.76366,0
1709715180000,0.6159,0.6167,0.6155,0.6157,1628975.9,1709715239999,1003511.95748,1238,841467.0,518453.11096,0
1709715240000,0.6157,0.6159,0.6152,0.6157,1692973.4,1709715299999,1042245.62370,1081,549677.5,338403.57274,0
1709715300000,0.6157,0.6171,0.6156,0.6159,1706481.1,1709715359999,1052031.98639,1368,865440.8,533563.48090,0
1709715360000,0.6159,0.6167,0.6158,0.6161,1514671.9,1709715419999,933269.81843,1099,872292.8,537462.60154,0
1709715420000,0.6161,0.6163,0.6141,0.6144,4154048.3,1709715479999,2554142.83404,1999,723851.2,445167.02065,0
1709715480000,0.6143,0.6153,0.6138,0.6152,1619403.2,1709715539999,995238.75117,1449,729344.9,448263.91483,0
1709715540000,0.6151,0.6152,0.6142,0.6149,1291528.8,1709715599999,793959.97512,995,684942.5,421057.03940,0
1709715600000,0.6148,0.6153,0.6141,0.6150,1369079.5,1709715659999,841612.06266,1195,746011.7,458616.58152,0
1709715660000,0.6150,0.6156,0.6145,0.6149,1217281.5,1709715719999,748640.30734,1110,654469.1,402485.33017,0
1709715720000,0.6149,0.6158,0.6148,0.6155,1170843.7,1709715779999,720644.18972,896,764229.4,470388.47295,0
1709715780000,0.6155,0.6159,0.6155,0.6159,683737.7,1709715839999,420966.07497,629,461892.7,284392.79632,0
1709715840000,0.6159,0.6159,0.6145,0.6147,982874.9,1709715899999,604702.03279,913,408472.4,251300.57264,0
1709715900000,0.6146,0.6152,0.6138,0.6151,1424690.8,1709715959999,875510.00850,1196,816758.6,501880.05506,0
1709715960000,0.6152,0.6165,0.6147,0.6164,1839444.3,1709716019999,1132553.08007,1775,1179755.3,726408.33378,0
1709716020000,0.6164,0.6194,0.6161,0.6177,6860034.0,1709716079999,4239348.88931,3654,4161912.1,2571643.20250,0
1709716080000,0.6177,0.6188,0.6168,0.6184,2189549.3,1709716139999,1352159.44503,1549,1409853.4,870705.88028,0
1709716140000,0.6183,0.6185,0.6175,0.6178,1622531.1,1709716199999,1002676.16593,1061,1005159.1,621105.94830,0
1709716200000,0.6178,0.6183,0.6174,0.6175,1071037.1,1709716259999,661713.00222,895,632447.2,390761.79709,0
1709716260000,0.6174,0.6175,0.6150,0.6153,1455295.4,1709716319999,896441.02716,1299,747170.9,460072.24374,0
1709716320000,0.6153,0.6170,0.6151,0.6165,1454284.5,1709716379999,895947.13036,1229,867204.8,534268.82113,0
1709716380000,0.6165,0.6172,0.6164,0.6170,741707.3,1709716439999,457454.99918,753,361767.2,223109.60431,0
1709716440000,0.6170,0.6194,0.6169,0.6184,3700271.1,1709716499999,2287963.10087,2302,2193673.8,1355897.02256,0
1709716500000,0.6183,0.6201,0.6181,0.6198,1246055.9,1709716559999,771341.35736,1433,869986.7,538561.49225,0
1709716560000,0.6199,0.6208,0.6193,0.6207,2184315.3,1709716619999,1354427.24197,1645,1119280.4,694159.50199,0
1709716620000,0.6206,0.6207,0.6190,0.6199,1394360.2,1709716679999,863870.52065,1180,565496.1,350327.78368,0
1709716680000,0.6198,0.6202,0.6195,0.6198,1194525.6,1709716739999,740467.31813,877,799820.3,495806.81374,0
1709716740000,0.6198,0.6198,0.6182,0.6188,1346226.2,1709716799999,833235.73571,1060,561818.3,347753.49477,0
1709716800000,0.6188,0.6188,0.6174,0.6178,957392.2,1709716859999,591782.57604,1207,378388.0,233895.18042,0
1709716860000,0.6178,0.6193,0.6175,0.6193,857044.5,1709716919999,529944.35151,918,426956.3,264023.12546,0
1709716920000,0.6192,0.6209,0.6191,0.6201,872166.0,1709716979999,540639.11151,1165,623930.3,386714.20216,0
1709716980000,0.6202,0.6206,0.6196,0.6199,1093137.0,1709717039999,677890.92313,963,591895.9,367010.71021,0
1709717040000,0.6198,0.6208,0.6197,0.6199,866858.0,1709717099999,537630.02434,786,425826.7,264077.47706,0
1709717100000,0.6199,0.6209,0.6198,0.6200,1196773.1,1709717159999,742588.66147,1036,700234.0,434468.10198,0
1709717160000,0.6200,0.6206,0.6183,0.6184,1044339.2,1709717219999,647190.41050,1058,541365.3,335573.87918,0
1709717220000,0.6183,0.6185,0.6177,0.6182,1246184.8,1709717279999,770314.35494,1109,627479.6,387877.48495,0
1709717280000,0.6182,0.6201,0.6180,0.6198,1076980.2,1709717339999,666898.67569,929,630253.1,390203.34848,0
1709717340000,0.6197,0.6200,0.6186,0.6187,818543.2,1709717399999,506949.48833,768,304888.3,188807.22083,0
1709717400000,0.6187,0.6190,0.6180,0.6182,920541.9,1709717459999,569292.42269,906,324171.8,200485.25378,0
1709717460000,0.6181,0.6181,0.6168,0.6174,1683240.0,1709717519999,1039035.74323,1332,683209.1,421774.64265,0
1709717520000,0.6173,0.6176,0.6153,0.6153,1358020.5,1709717579999,836940.95208,1582,362898.4,223660.86901,0
1709717580000,0.6154,0.6157,0.6138,0.6151,2538778.1,1709717639999,1560812.48422,2477,1077579.1,662521.78015,0
1709717640000,0.6151,0.6160,0.6140,0.6147,2545646.2,1709717699999,1565264.79183,1545,459226.2,282369.23536,0
1709717700000,0.6148,0.6160,0.6148,0.6158,1009583.4,1709717759999,621440.74661,1090,485930.2,299084.46265,0
1709717760000,0.6157,0.6163,0.6150,0.6160,1691688.1,1709717819999,1041643.07972,1251,1008114.4,620792.74095,0
1709717820000,0.6159,0.6159,0.6150,0.6151,778512.7,1709717879999,479116.65354,925,390487.0,240333.56745,0
1709717880000,0.6150,0.6155,0.6147,0.6155,858919.2,1709717939999,528272.12117,718,376708.9,231708.00382,0
1709717940000,0.6156,0.6159,0.6138,0.6146,1572810.9,1709717999999,966705.34130,1294,551408.2,338797.86769,0
1709718000000,0.6146,0.6154,0.6146,0.6153,1109894.2,1709718059999,682634.50478,1019,498773.0,306763.25312,0
1709718060000,0.6153,0.6165,0.6150,0.6163,743921.0,1709718119999,458154.91734,792,490536.1,302120.63431,0
1709718120000,0.6163,0.6167,0.6155,0.6160,974923.9,1709718179999,600776.02095,918,500611.4,308479.09292,0
1709718180000,0.6159,0.6161,0.6151,0.6155,733902.7,1709718239999,451714.62369,656,227050.2,139755.91209,0
1709718240000,0.6154,0.6159,0.6151,0.6151,586514.1,1709718299999,361034.77313,600,262572.5,161637.52244,0
1709718300000,0.6151,0.6153,0.6143,0.6143,1299798.3,1709718359999,799036.58042,1203,709252.6,436015.38735,0
1709718360000,0.6144,0.6144,0.6130,0.6138,1933688.9,1709718419999,1186311.88185,2140,661135.6,405628.11631,0
1709718420000,0.6137,0.6156,0.6136,0.6149,1440262.6,1709718479999,885349.15992,1269,574081.1,352952.65014,0
1709718480000,0.6149,0.6158,0.6147,0.6149,1120511.4,1709718539999,689332.65774,931,631155.2,388333.44527,0
1709718540000,0.6149,0.6149,0.6140,0.6142,724938.1,1709718599999,445401.11088,817,264652.1,162604.11240,0
1709718600000,0.6142,0.6144,0.6126,0.6127,1694329.2,1709718659999,1039100.17930,1534,386934.1,237318.14229,0
1709718660000,0.6126,0.6138,0.6115,0.6129,3217097.3,1709718719999,1970763.94124,2461,1939477.5,1188298.07385,0
1709718720000,0.6130,0.6141,0.6126,0.6138,1531906.4,1709718779999,939786.49371,1293,744067.5,456512.24191,0
1709718780000,0.6139,0.6140,0.6119,0.6124,1500512.0,1709718839999,919341.08591,1560,635654.5,389350.04525,0
1709718840000,0.6125,0.6131,0.6117,0.6122,2121522.9,1709718899999,1299159.53614,1390,1203446.6,736992.05381,0
1709718900000,0.6121,0.6129,0.6119,0.6122,1775717.9,1709718959999,1087460.56573,1404,1089868.1,667446.25919,0
1709718960000,0.6122,0.6122,0.6088,0.6098,5602230.7,1709719019999,3417995.34941,5095,2090214.1,1275617.36614,0
1709719020000,0.6099,0.6117,0.6097,0.6105,2920055.5,1709719079999,1782712.78806,2138,1382676.3,844115.91041,0
1709719080000,0.6105,0.6107,0.6083,0.6083,3372883.0,1709719139999,2054519.73364,3739,1574661.6,959282.81057,0
1709719140000,0.6083,0.6100,0.6082,0.6090,3160005.0,1709719199999,1924728.63937,3031,1616318.8,984584.20290,0
1709719200000,0.6090,0.6123,0.6090,0.6121,2673883.5,1709719259999,1634044.46278,2436,1654087.0,1010739.82879,0
1709719260000,0.6120,0.6126,0.6101,0.6114,6446689.5,1709719319999,3940350.55091,3119,1946144.8,1188999.71382,0
1709719320000,0.6113,0.6118,0.6109,0.6110,1911546.3,1709719379999,1168732.01749,1557,872788.1,533674.31118,0
1709719380000,0.6111,0.6114,0.6103,0.6112,1714321.2,1709719439999,1047168.77158,1155,552826.1,337701.18584,0
1709719440000,0.6112,0.6112,0.6103,0.6110,1085857.9,1709719499999,663315.01641,855,512845.5,313285.18785,0
1709719500000,0.6109,0.6121,0.6105,0.6120,1338364.9,1709719559999,818353.22504,1865,698090.8,426794.29171,0
1709719560000,0.6120,0.6126,0.6114,0.6115,1508481.3,1709719619999,922904.09819,1125,746884.5,456970.92651,0
1709719620000,0.6115,0.6118,0.6112,0.6115,1083326.3,1709719679999,662413.90750,934,481091.9,294171.83684,0
1709719680000,0.6115,0.6125,0.6112,0.6113,1098742.1,1709719739999,672447.11532,933,607158.3,371630.30832,0
1709719740000,0.6113,0.6117,0.6105,0.6112,892260.6,1709719799999,545212.82396,890,405689.7,247897.33289,0
1709719800000,0.6112,0.6123,0.6108,0.6121,943658.2,1709719859999,577076.07047,941,480732.8,293994.29958,0
1709719860000,0.6120,0.6127,0.6110,0.6125,3777220.4,1709719919999,2312001.59730,1866,2608155.9,1596185.63923,0
1709719920000,0.6125,0.6126,0.6118,0.6125,746771.2,1709719979999,457191.77333,654,301820.8,184786.50589,0
1709719980000,0.6125,0.6129,0.6117,0.6119,1072957.6,1709720039999,657173.95999,854,591951.7,362587.31401,0
1709720040000,0.6118,0.6118,0.6107,0.6116,728359.1,1709720099999,445130.70690,681,429154.3,262272.41301,0
1709720100000,0.6115,0.6137,0.6111,0.6136,1475286.7,1709720159999,903741.79641,1588,849988.9,520668.82737,0
1709720160000,0.6136,0.6142,0.6133,0.6142,1759482.4,1709720219999,1079665.67746,1587,929750.5,570545.08408,0
1709720220000,0.6142,0.6143,0.6135,0.6135,1037605.0,1709720279999,636991.32754,862,483636.8,296945.57040,0
1709720280000,0.6135,0.6146,0.6134,0.6145,955617.4,1709720339999,586894.30955,782,531765.7,326601.17625,0
1709720340000,0.6146,0.6153,0.6144,0.6151,1417916.5,1709720399999,871937.63932,1314,640639.6,393946.85878,0
1709720400000,0.6151,0.6151,0.6143,0.6143,1315350.7,1709720459999,808575.67077,1899,606045.2,372564.99816,0
1709720460000,0.6143,0.6143,0.6133,0.6140,1051534.4,1709720519999,645289.15052,929,531621.0,326239.04103,0
1709720520000,0.6141,0.6141,0.6136,0.6137,387160.6,1709720579999,237653.95050,512,150472.6,92370.50049,0
1709720580000,0.6136,0.6137,0.6127,0.6132,539833.6,1709720639999,330963.02817,991,214895.3,131743.15323,0
1709720640000,0.6132,0.6139,0.6127,0.6128,909608.8,1709720699999,557931.79900,941,466714.5,286281.68316,0
1709720700000,0.6128,0.6129,0.6116,0.6125,917711.3,1709720759999,561834.86989,1210,467732.0,286323.12607,0
1709720760000,0.6126,0.6139,0.6126,0.6134,1267022.6,1709720819999,776878.23831,1230,569561.8,349207.18951,0
1709720820000,0.6135,0.6136,0.6126,0.6128,1107772.0,1709720879999,679006.05204,779,385229.5,236142.52040,0
1709720880000,0.6128,0.6128,0.6107,0.6108,898891.3,1709720939999,549780.29145,1087,312475.8,191087.22052,0
1709720940000,0.6107,0.6118,0.6106,0.6113,808989.5,1709720999999,494489.47582,852,495760.8,303017.49569,0
1709721000000,0.6113,0.6128,0.6108,0.6127,1102722.4,1709721059999,674625.90212,997,632630.2,387042.14422,0
1709721060000,0.6126,0.6137,0.6124,0.6134,1084226.0,1709721119999,664804.90630,1073,751306.6,460650.74568,0
1709721120000,0.6134,0.6136,0.6118,0.6123,2445646.0,1709721179999,1498228.86528,1327,817105.9,500298.90256,0
1709721180000,0.6123,0.6130,0.6122,0.6124,884453.1,1709721239999,541790.47638,656,388029.1,237693.81366,0
1709721240000,0.6125,0.6128,0.6121,0.6127,847053.7,1709721299999,518868.17627,592,545287.1,334026.35326,0
1709721300000,0.6127,0.6135,0.6124,0.6132,708048.7,1709721359999,434017.81218,689,286852.8,175804.49969,0
1709721360000,0.6132,0.6132,0.6127,0.6130,525941.0,1709721419999,322387.25747,544,237578.0,145629.08799,0
1709721420000,0.6129,0.6133,0.6127,0.6132,528820.3,1709721479999,324186.43141,516,216626.8,132786.85742,0
1709721480000,0.6133,0.6134,0.6129,0.6134,349148.6,1709721539999,214066.88820,412,220360.6,135102.11507,0
1709721540000,0.6134,0.6138,0.6130,0.6134,718975.6,1709721599999,441053.27899,579,501342.1,307544.23201,0
1709721600000,0.6134,0.6135,0.6118,0.6124,907021.0,1709721659999,555635.95184,883,476480.0,291866.44266,0
1709721660000,0.6124,0.6133,0.6122,0.6128,617476.3,1709721719999,378360.74661,629,247921.9,151896.46841,0
1709721720000,0.6127,0.6136,0.6127,0.6131,579337.8,1709721779999,355190.69904,639,438496.3,268843.88656,0
1709721780000,0.6132,0.6142,0.6129,0.6137,960131.5,1709721839999,589290.93046,781,562717.0,345398.20496,0
1709721840000,0.6137,0.6139,0.6126,0.6130,1354536.6,1709721899999,830539.81916,877,594531.1,364425.60180,0
1709721900000,0.6129,0.6134,0.6124,0.6125,462091.7,1709721959999,283256.30932,524,206695.7,126706.87986,0
1709721960000,0.6125,0.6127,0.6121,0.6126,799233.4,1709722019999,489434.19677,724,432365.2,264765.19599,0
1709722020000,0.6126,0.6137,0.6124,0.6135,1391095.5,1709722079999,852540.85222,930,542343.9,332526.53518,0
1709722080000,0.6134,0.6137,0.6125,0.6125,781712.7,1709722139999,479364.11556,620,462510.9,283668.08187,0
1709722140000,0.6126,0.6126,0.6113,0.6115,1556214.5,1709722199999,952328.09574,1147,490551.8,300206.68129,0
1709722200000,0.6115,0.6122,0.6105,0.6121,1286884.4,1709722259999,786678.53090,1309,678723.2,414925.64581,0
1709722260000,0.6120,0.6128,0.6119,0.6125,692233.3,1709722319999,423808.24761,805,375302.7,229764.23939,0
1709722320000,0.6124,0.6127,0.6117,0.6123,444954.8,1709722379999,272438.86319,557,195197.9,119505.08681,0
1709722380000,0.6123,0.6126,0.6112,0.6114,584167.7,1709722439999,357382.64678,582,268336.0,164138.43175,0
1709722440000,0.6114,0.6119,0.6111,0.6112,542556.7,1709722499999,331722.65278,450,350548.6,214307.55848,0
1709722500000,0.6113,0.6116,0.6101,0.6106,1033205.0,1709722559999,631155.20334,981,410149.2,250607.60503,0
1709722560000,0.6106,0.6113,0.6105,0.6111,677033.2,1709722619999,413616.70492,645,359428.7,219574.47338,0
1709722620000,0.6111,0.6125,0.6111,0.6121,667665.5,1709722679999,408519.25376,710,423663.5,259186.50160,0
1709722680000,0.6122,0.6122,0.6115,0.6121,705480.1,1709722739999,431623.26281,610,321130.9,196479.43298,0
1709722740000,0.6121,0.6128,0.6121,0.6125,895097.4,1709722799999,548210.78037,695,253040.8,154965.84979,0
1709722800000,0.6125,0.6128,0.6110,0.6110,1193093.3,1709722859999,730376.52907,887,437500.1,267930.81321,0
1709722860000,0.6110,0.6118,0.6105,0.6116,925816.9,1709722919999,565878.91249,995,438098.7,267783.59379,0
1709722920000,0.6116,0.6118,0.6109,0.6115,1092275.0,1709722979999,667707.42189,762,551911.3,337399.98285,0
1709722980000,0.6114,0.6117,0.6105,0.6108,625505.9,1709723039999,382322.75163,680,303547.6,185545.22930,0
1709723040000,0.6108,0.6115,0.6108,0.6111,572847.1,1709723099999,350121.93033,610,244065.1,149172.46211,0
1709723100000,0.6110,0.6125,0.6110,0.6121,899328.0,1709723159999,550374.13508,1069,533160.8,326275.13406,0
1709723160000,0.6120,0.6130,0.6118,0.6125,620343.9,1709723219999,379993.46352,798,394715.9,241799.62645,0
1709723220000,0.6125,0.6129,0.6115,0.6123,1664490.3,1709723279999,1019034.93001,1041,1141002.8,698502.92508,0
1709723280000,0.6122,0.6127,0.6120,0.6121,413406.5,1709723339999,253184.03288,506,256363.8,157004.21756,0
1709723340000,0.6122,0.6123,0.6115,0.6116,349206.7,1709723399999,213667.34564,431,188263.1,115195.70853,0
1709723400000,0.6115,0.6116,0.6097,0.6098,993208.1,1709723459999,606284.01706,1629,315813.5,192851.34175,0
1709723460000,0.6097,0.6116,0.6096,0.6112,963031.2,1709723519999,588209.32520,1040,505281.8,308674.80023,0
1709723520000,0.6112,0.6121,0.6109,0.6118,1350520.3,1709723579999,825909.47573,971,639722.9,391236.09529,0
1709723580000,0.6117,0.6120,0.6114,0.6117,455409.0,1709723639999,278579.92538,508,238778.6,146076.13966,0
1709723640000,0.6117,0.6119,0.6115,0.6116,327262.6,1709723699999,200190.54497,323,199652.7,122133.57163,0
1709723700000,0.6116,0.6116,0.6106,0.6110,565688.1,1709723759999,345763.82555,728,193214.0,118096.72060,0
1709723760000,0.6109,0.6116,0.6109,0.6109,670177.2,1709723819999,409623.01133,742,297744.5,181982.57959,0
1709723820000,0.6109,0.6131,0.6108,0.6130,576930.5,1709723879999,353110.54092,841,455775.9,278978.50046,0
1709723880000,0.6130,0.6144,0.6126,0.6142,1966328.0,1709723939999,1206523.30160,2081,1038537.6,637216.72297,0
1709723940000,0.6141,0.6149,0.6137,0.6137,1205195.4,1709723999999,740480.65421,1175,427956.7,262962.54545,0
1709724000000,0.6136,0.6150,0.6134,0.6144,1713451.7,1709724059999,1052593.00548,1603,728880.4,447713.26170,0
1709724060000,0.6144,0.6157,0.6143,0.6157,1139922.6,1709724119999,701013.85807,1111,699446.1,430208.00525,0
1709724120000,0.6157,0.6162,0.6153,0.6162,1353714.5,1709724179999,833585.86177,1268,546055.2,336278.26778,0
1709724180000,0.6162,0.6168,0.6158,0.6159,1527438.8,1709724239999,941520.99037,1183,586125.8,361354.94361,0
1709724240000,0.6158,0.6159,0.6148,0.6155,1543598.1,1709724299999,949868.92578,1267,862732.5,530884.11391,0
1709724300000,0.6155,0.6169,0.6155,0.6164,1382227.8,1709724359999,851922.17123,1255,833758.7,513860.06088,0
1709724360000,0.6164,0.6171,0.6160,0.6166,1083403.1,1709724419999,668000.86137,1050,539867.0,332868.42112,0
1709724420000,0.6167,0.6167,0.6160,0.6161,663700.3,1709724479999,409066.47634,692,350493.1,216024.13470,0
1709724480000,0.6161,0.6166,0.6160,0.6164,663873.2,1709724539999,409135.37564,605,325235.3,200437.07202,0
1709724540000,0.6164,0.6168,0.6158,0.6159,1544728.3,1709724599999,951906.15858,988,412958.3,254552.70060,0
1709724600000,0.6159,0.6167,0.6152,0.6156,1488532.0,1709724659999,916652.96237,1069,842972.4,519122.32032,0
1709724660000,0.6156,0.6160,0.6138,0.6139,1127300.1,1709724719999,693223.88001,1177,336533.5,206943.80091,0
1709724720000,0.6139,0.6141,0.6125,0.6127,2146152.8,1709724779999,1315705.43168,1683,719956.2,441414.97952,0
1709724780000,0.6127,0.6142,0.6121,0.6142,1495570.5,1709724839999,916868.51443,1566,951327.8,583287.58833,0
1709724840000,0.6143,0.6145,0.6135,0.6142,1902584.4,1709724899999,1168096.91066,1009,833208.7,511537.88212,0
1709724900000,0.6141,0.6148,0.6135,0.6137,1003210.0,1709724959999,616035.82183,989,654687.0,402004.91584,0
1709724960000,0.6137,0.6139,0.6132,0.6135,705004.5,1709725019999,432571.02155,668,329810.6,202354.25903,0
1709725020000,0.6135,0.6139,0.6128,0.6133,767054.2,1709725079999,470461.07446,1061,322988.6,198098.30135,0
1709725080000,0.6134,0.6140,0.6129,0.6139,835836.3,1709725139999,512755.17996,678,528696.6,324384.81884,0
1709725140000,0.6140,0.6156,0.6138,0.6150,1074267.5,1709725199999,660279.70017,932,599001.9,367992.55381,0
1709725200000,0.6150,0.6154,0.6146,0.6147,620036.1,1709725259999,381335.06731,709,283601.4,174416.19179,0
1709725260000,0.6148,0.6149,0.6139,0.6145,448116.2,1709725319999,275367.03693,597,194952.5,119798.37062,0
1709725320000,0.6146,0.6150,0.6145,0.6150,290092.8,1709725379999,178346.06792,446,143263.2,88077.44477,0
1709725380000,0.6150,0.6153,0.6143,0.6148,432082.9,1709725439999,265664.02399,524,258122.3,158697.08500,0
1709725440000,0.6148,0.6153,0.6148,0.6151,224311.0,1709725499999,137958.38290,385,172865.9,106320.16149,0
1709725500000,0.6152,0.6156,0.6138,0.6142,1733417.8,1709725559999,1065296.74704,1385,540907.4,332742.69880,0
1709725560000,0.6143,0.6150,0.6138,0.6150,1004842.6,1709725619999,617331.02321,872,673370.4,413684.32427,0
1709725620000,0.6151,0.6157,0.6146,0.6151,639548.2,1709725679999,393401.06922,776,342988.0,211000.00221,0
1709725680000,0.6150,0.6156,0.6149,0.6154,925597.8,1709725739999,569342.76663,576,288061.6,177232.31840,0
1709725740000,0.6154,0.6159,0.6153,0.6157,597976.1,1709725799999,368140.45259,734,373563.6,229988.03096,0
1709725800000,0.6157,0.6160,0.6150,0.6159,558714.1,1709725859999,343893.22180,755,382772.0,235588.96546,0
1709725860000,0.6158,0.6159,0.6143,0.6145,950662.4,1709725919999,584838.12766,725,579870.8,356699.47420,0
1709725920000,0.6145,0.6145,0.6129,0.6138,1419668.5,1709725979999,870960.42077,1226,693012.1,425053.08180,0
1709725980000,0.6139,0.6146,0.6136,0.6144,1289451.5,1709726039999,791897.96812,932,609334.5,374294.70980,0
1709726040000,0.6144,0.6146,0.6140,0.6143,1267040.6,1709726099999,778399.50160,763,740906.2,455233.63821,0
1709726100000,0.6143,0.6147,0.6140,0.6145,730655.2,1709726159999,448845.39045,654,271974.0,167094.97638,0
1709726160000,0.6145,0.6152,0.6145,0.6149,891726.4,1709726219999,548394.80175,760,319281.6,196358.99701,0
1709726220000,0.6149,0.6151,0.6143,0.6148,785528.9,1709726279999,482935.77672,774,496980.8,305540.44934,0
1709726280000,0.6147,0.6154,0.6146,0.6153,1151358.8,1709726339999,708248.45636,799,953835.2,586756.88335,0
1709726340000,0.6153,0.6154,0.6149,0.6149,574226.1,1709726399999,353277.50769,631,319729.2,196708.55566,0
1709726400000,0.6148,0.6155,0.6131,0.6137,6548459.8,1709726459999,4023864.95652,2646,1341609.5,824863.40004,0
1709726460000,0.6137,0.6142,0.6132,0.6136,3590447.0,1709726519999,2203006.38733,1711,777583.6,477135.11925,0
1709726520000,0.6136,0.6159,0.6136,0.6148,4789872.0,1709726579999,2945154.59206,2227,3664444.6,2253370.20920,0
1709726580000,0.6149,0.6154,0.6147,0.6151,963811.8,1709726639999,592824.55108,896,508594.0,312819.99054,0
1709726640000,0.6150,0.6158,0.6143,0.6157,1255192.5,1709726699999,772331.05453,922,806358.9,496215.11310,0
1709726700000,0.6157,0.6157,0.6140,0.6151,864498.6,1709726759999,531637.42775,898,287675.8,176886.34564,0
1709726760000,0.6151,0.6154,0.6143,0.6153,1670669.5,1709726819999,1027501.36525,978,1242648.0,764295.15525,0
1709726820000,0.6153,0.6158,0.6150,0.6150,797031.1,1709726879999,490431.61144,663,249144.5,153307.42045,0
1709726880000,0.6151,0.6153,0.6145,0.6146,991896.4,1709726939999,609854.71888,720,395569.6,243247.74424,0
1709726940000,0.6146,0.6146,0.6128,0.6129,978257.9,1709726999999,600330.84157,1310,337527.9,207144.86301,0
1709727000000,0.6129,0.6144,0.6128,0.6143,842730.3,1709727059999,517182.88202,909,512381.1,314432.73488,0
1709727060000,0.6143,0.6146,0.6133,0.6136,391572.5,1709727119999,240411.35841,532,194101.5,119170.40509,0
1709727120000,0.6137,0.6141,0.6134,0.6136,529433.0,1709727179999,324916.22045,676,195449.0,119953.23321,0
1709727180000,0.6136,0.6137,0.6127,0.6128,574472.3,1709727239999,352251.83915,618,293741.7,180127.82766,0
1709727240000,0.6128,0.6134,0.6115,0.6134,1647057.1,1709727299999,1008160.95090,1384,877871.5,537389.42727,0
1709727300000,0.6134,0.6138,0.6120,0.6120,1134722.3,1709727359999,695584.46379,1168,370044.0,226842.93060,0
1709727360000,0.6121,0.6125,0.6113,0.6115,1693322.6,1709727419999,1035918.75582,1165,391425.1,239535.10832,0
1709727420000,0.6115,0.6119,0.6102,0.6107,1330936.1,1709727479999,813221.46612,1675,472528.8,288736.09967,0
1709727480000,0.6108,0.6110,0.6088,0.6096,3142213.3,1709727539999,1915106.78495,2912,1009444.6,615332.65419,0
1709727540000,0.6097,0.6110,0.6095,0.6109,1495604.1,1709727599999,912924.39161,1255,1111505.3,678508.70791,0
1709727600000,0.6108,0.6112,0.6093,0.6096,1115315.1,1709727659999,680917.52978,1120,536576.3,327642.83755,0
1709727660000,0.6095,0.6106,0.6086,0.6096,1936019.2,1709727719999,1180073.82357,2490,905133.8,551641.89783,0
1709727720000,0.6095,0.6095,0.6089,0.6089,751173.4,1709727779999,457593.50645,829,265547.6,161762.05850,0
1709727780000,0.6090,0.6094,0.6058,0.6081,7567652.0,1709727839999,4594257.47323,5910,2470764.8,1499949.28529,0
1709727840000,0.6080,0.6084,0.6075,0.6077,2308917.7,1709727899999,1404060.09801,2363,1056171.8,642273.13905,0
1709727900000,0.6078,0.6092,0.6078,0.6089,1374100.5,1709727959999,836486.59645,1232,885408.3,538960.28489,0
1709727960000,0.6089,0.6102,0.6089,0.6100,1489642.5,1709728019999,908278.30163,1228,1004648.1,612549.53994,0
1709728020000,0.6100,0.6102,0.6091,0.6096,834226.3,1709728079999,508543.64008,806,472868.7,288276.29794,0
1709728080000,0.6096,0.6099,0.6087,0.6091,754925.9,1709728139999,459854.64281,751,281896.2,171736.50459,0
1709728140000,0.6091,0.6092,0.6080,0.6086,1249529.6,1709728199999,760460.91411,1126,382001.3,232445.50890,0
1709728200000,0.6087,0.6092,0.6081,0.6084,1591259.5,1709728259999,968584.94984,1109,666813.8,405937.27446,0
1709728260000,0.6085,0.6086,0.6072,0.6073,1118553.8,1709728319999,680098.39516,1008,362891.8,220660.24565,0
1709728320000,0.6074,0.6091,0.6071,0.6087,1874833.2,1709728379999,1140152.30321,1319,1202951.8,731462.20887,0
1709728380000,0.6088,0.6099,0.6088,0.6097,992070.4,1709728439999,604560.65774,1027,584415.0,356152.29637,0
1709728440000,0.6097,0.6100,0.6082,0.6082,1272778.6,1709728499999,775700.80158,1000,455592.9,277671.64566,0
1709728500000,0.6083,0.6087,0.6079,0.6087,1681064.0,1709728559999,1022563.00677,1244,844041.9,513447.78269,0
1709728560000,0.6087,0.6090,0.6065,0.6078,2836098.7,1709728619999,1724091.55345,1908,1097587.9,667237.43582,0
1709728620000,0.6079,0.6086,0.6077,0.6084,1344902.2,1709728679999,817870.63350,1035,697386.3,424126.33131,0
1709728680000,0.6084,0.6091,0.6058,0.6062,1415256.9,1709728739999,859580.36680,1516,515006.1,312808.90899,0
1709728740000,0.6063,0.6070,0.6030,0.6049,9124565.4,1709728799999,5517858.19694,5841,3439868.1,2081111.70439,0
1709728800000,0.6049,0.6053,0.6030,0.6043,9502995.8,1709728859999,5740617.95804,4775,4887202.1,2952794.81900,0
1709728860000,0.6043,0.6059,0.6042,0.6048,2734382.4,1709728919999,1654877.07467,1943,1122067.4,679015.17744,0
1709728920000,0.6047,0.6057,0.6036,0.6036,3100948.2,1709728979999,1875575.80954,1944,1413258.4,855034.60592,0
1709728980000,0.6037,0.6043,0.6022,0.6024,4074213.4,1709729039999,2456885.61881,3726,2230037.3,1345013.58730,0
1709729040000,0.6024,0.6027,0.6000,0.6002,6912616.0,1709729099999,4157688.58482,5827,3291699.4,1980257.57933,0
1709729100000,0.6002,0.6016,0.5982,0.5984,12049720.6,1709729159999,7228581.01572,8439,5599315.9,3359634.85846,0
1709729160000,0.5985,0.5986,0.5899,0.5946,22230663.5,1709729219999,13214148.62315,19111,9398983.1,5589487.25331,0
1709729220000,0.5946,0.5984,0.5917,0.5983,11297897.6,1709729279999,6724011.62654,8961,6298683.6,3748878.59745,0
1709729280000,0.5982,0.6008,0.5978,0.6004,8508809.5,1709729339999,5100774.63762,5842,4161868.5,2495047.78505,0
1709729340000,0.6004,0.6005,0.5972,0.5987,6215007.4,1709729399999,3721591.15685,4915,2638251.2,1579859.57809,0
1709729400000,0.5987,0.6016,0.5984,0.6015,5426454.5,1709729459999,3258806.61854,4725,3301947.6,1982775.71282,0
1709729460000,0.6015,0.6041,0.6011,0.6037,5942546.5,1709729519999,3581824.50230,4379,3194853.7,1925803.11785,0
1709729520000,0.6037,0.6051,0.6030,0.6045,4811243.6,1709729579999,2905937.15515,3136,2246144.2,1356720.78288,0
1709729580000,0.6044,0.6046,0.6032,0.6045,3421543.3,1709729639999,2066153.05862,2159,1899178.2,1146798.60488,0
1709729640000,0.6045,0.6049,0.6017,0.6020,2671072.5,1709729699999,1611606.07174,2129,1103844.6,666000.93113,0
1709729700000,0.6019,0.6042,0.6015,0.6036,2920384.2,1709729759999,1760641.85522,2502,1527392.1,920922.43358,0
1709729760000,0.6036,0.6041,0.6026,0.6038,2201234.5,1709729819999,1328410.37300,1617,1095402.2,661049.53514,0
1709729820000,0.6039,0.6040,0.6013,0.6019,2437324.4,1709729879999,1468119.11787,1892,1160425.4,699241.04752,0
1709729880000,0.6019,0.6019,0.5988,0.6004,3361799.3,1709729939999,2016759.20921,2922,1197921.6,718629.42535,0
1709729940000,0.6005,0.6017,0.5987,0.6015,3200813.9,1709729999999,1921013.93218,2290,1981649.6,1189404.84446,0
1709730000000,0.6015,0.6041,0.6014,0.6034,3307728.6,1709730059999,1995061.05744,2855,1915014.9,1154867.60125,0
1709730060000,0.6034,0.6044,0.6030,0.6041,1385397.2,1709730119999,836426.68597,1367,733378.0,442808.54010,0
1709730120000,0.6040,0.6042,0.6021,0.6027,1697887.9,1709730179999,1023893.44826,1582,563006.7,339471.82617,0
1709730180000,0.6026,0.6032,0.6019,0.6027,1370082.8,1709730239999,825700.06537,1266,646575.7,389706.19291,0
1709730240000,0.6027,0.6027,0.6013,0.6015,1202512.6,1709730299999,723677.83775,1147,588430.1,354136.31399,0
1709730300000,0.6015,0.6029,0.6014,0.6021,2006619.0,1709730359999,1208443.14721,1550,1006306.2,605961.49388,0
1709730360000,0.6021,0.6021,0.5997,0.5997,1445243.1,1709730419999,868449.96735,1550,434078.1,260989.55012,0
1709730420000,0.5997,0.6003,0.5951,0.5972,8622403.0,1709730479999,5149590.10380,6621,3602863.6,2151694.66735,0
1709730480000,0.5974,0.5985,0.5952,0.5955,7145101.7,1709730539999,4264168.91473,4249,3579536.3,2136567.10672,0
1709730540000,0.5954,0.5986,0.5951,0.5979,4264826.6,1709730599999,2545351.96555,2919,2359113.7,1408118.20546,0
1709730600000,0.5979,0.5992,0.5957,0.5976,4703968.7,1709730659999,2811000.31065,3142,2343388.3,1400388.75186,0
1709730660000,0.5976,0.5999,0.5972,0.5998,2291244.8,1709730719999,1371165.02613,2027,1241868.9,743302.46664,0
1709730720000,0.5998,0.5999,0.5973,0.5974,2421099.9,1709730779999,1448031.63324,1941,891017.7,532904.10277,0
1709730780000,0.5974,0.5984,0.5966,0.5982,2202048.6,1709730839999,1316282.02070,1755,1114620.6,666223.28698,0
1709730840000,0.5982,0.6011,0.5981,0.6010,1724703.8,1709730899999,1034000.16100,1910,1177511.7,705918.66432,0
1709730900000,0.6010,0.6020,0.6001,0.6018,3529707.4,1709730959999,2121495.30657,2549,2100915.3,1262631.44650,0
1709730960000,0.6018,0.6029,0.6013,0.6023,2194554.5,1709731019999,1321524.45613,1998,1052422.5,633784.69316,0
1709731020000,0.6023,0.6027,0.6012,0.6014,1843905.2,1709731079999,1110177.86142,1365,830841.4,500216.98094,0
1709731080000,0.6014,0.6027,0.6014,0.6025,1304299.4,1709731139999,785559.01055,1225,634820.2,382319.65958,0
1709731140000,0.6024,0.6033,0.6024,0.6030,1657871.7,1709731199999,999416.37627,1283,839138.5,505878.59062,0
1709731200000,0.6030,0.6044,0.6025,0.6034,2066594.0,1709731259999,1246323.36122,2563,793651.3,478775.95147,0
1709731260000,0.6034,0.6040,0.6027,0.6037,1583387.7,1709731319999,955420.76085,1316,932490.9,562643.75931,0
1709731320000,0.6038,0.6040,0.6023,0.6023,1127076.7,1709731379999,679780.12624,1046,520413.6,313941.54928,0
1709731380000,0.6023,0.6029,0.6006,0.6006,1894963.6,1709731439999,1140593.03078,1553,681705.5,410371.59014,0
1709731440000,0.6006,0.6010,0.5987,0.6008,3187564.0,1709731499999,1911191.77485,2565,1466851.3,879472.31418,0
1709731500000,0.6009,0.6028,0.6005,0.6006,2146483.0,1709731559999,1290660.27372,2004,1207358.4,725894.98491,0
1709731560000,0.6006,0.6022,0.6003,0.6008,1626682.8,1709731619999,978274.93716,1357,889503.0,534937.47012,0
1709731620000,0.6009,0.6015,0.6003,0.6006,1146573.1,1709731679999,688754.56452,1065,460173.3,276419.06222,0
1709731680000,0.6007,0.6013,0.5996,0.6003,1252311.0,1709731739999,751852.43477,1232,530553.7,318530.95554,0
1709731740000,0.6003,0.6014,0.6003,0.6008,1072096.2,1709731799999,644314.12889,997,577200.5,346854.98425,0
1709731800000,0.6007,0.6025,0.6000,0.6020,1672836.8,1709731859999,1005470.15378,1729,931824.0,560075.07990,0
1709731860000,0.6020,0.6023,0.6007,0.6012,1560282.3,1709731919999,938220.87118,1448,791421.4,475840.51881,0
1709731920000,0.6012,0.6025,0.6001,0.6025,1300342.8,1709731979999,782096.97774,1323,684762.4,411896.90306,0
1709731980000,0.6025,0.6032,0.6022,0.6029,1166196.8,1709732039999,702956.77092,1162,702927.6,423710.94394,0
1709732040000,0.6030,0.6032,0.6022,0.6026,1532418.6,1709732099999,923496.20911,1067,907347.3,546829.68017,0
1709732100000,0.6025,0.6035,0.6022,0.6034,981275.3,1709732159999,591873.10109,956,697220.4,420573.02673,0
1709732160000,0.6033,0.6043,0.6031,0.6039,1751166.4,1709732219999,1057195.65618,1274,1144285.6,690796.22850,0
1709732220000,0.6039,0.6043,0.6032,0.6032,1180286.4,1709732279999,712755.93904,1039,519289.4,313596.30064,0
1709732280000,0.6032,0.6038,0.6026,0.6034,1134792.7,1709732339999,684492.08001,904,688430.8,415240.79872,0
1709732340000,0.6034,0.6038,0.6030,0.6031,703239.8,1709732399999,424345.75035,658,477890.2,288346.09732,0
1709732400000,0.6032,0.6033,0.6003,0.6003,1422357.7,1709732459999,855973.90174,1572,415278.4,250077.94044,0
1709732460000,0.6003,0.6013,0.6000,0.6006,2127448.6,1709732519999,1278117.68941,1586,802650.6,482227.56273,0
1709732520000,0.6007,0.6011,0.5998,0.6006,2067288.8,1709732579999,1240835.95833,1478,640732.3,384631.86769,0
1709732580000,0.6006,0.6008,0.5988,0.5994,2011428.8,1709732639999,1206329.91566,1449,768973.4,461162.24391,0
1709732640000,0.5995,0.6001,0.5987,0.5987,989181.8,1709732699999,592863.41368,908,466305.6,279512.81570,0
1709732700000,0.5986,0.5996,0.5982,0.5993,2692443.1,1709732759999,1612198.14187,1642,1314235.5,786969.44679,0
1709732760000,0.5994,0.6013,0.5994,0.6011,1886415.5,1709732819999,1133098.77223,1574,1147424.6,689193.39826,0
1709732820000,0.6012,0.6013,0.5994,0.5994,1421603.5,1709732879999,853663.18254,1309,827184.2,496732.77520,0
1709732880000,0.5994,0.6007,0.5992,0.6005,1359168.8,1709732939999,815501.26276,1368,750317.0,450185.76946,0
1709732940000,0.6005,0.6020,0.6004,0.6019,1342683.9,1709732999999,807743.60498,1253,654344.9,393631.68665,0
1709733000000,0.6019,0.6023,0.6013,0.6014,1178777.0,1709733059999,709264.99772,1115,492063.5,296098.79749,0
1709733060000,0.6013,0.6030,0.6013,0.6030,876624.7,1709733119999,527755.78547,955,625756.1,376717.85619,0
1709733120000,0.6029,0.6031,0.6022,0.6028,1151598.8,1709733179999,694175.96575,985,508412.3,306473.70069,0
1709733180000,0.6029,0.6037,0.6027,0.6031,1515064.3,1709733239999,913753.07292,1229,813116.5,490448.24134,0
1709733240000,0.6030,0.6038,0.6023,0.6037,1159536.4,1709733299999,699200.19066,995,629650.0,379684.54692,0
1709733300000,0.6038,0.6046,0.6033,0.6042,1583118.1,1709733359999,956234.82618,2635,812354.3,490652.11024,0
1709733360000,0.6042,0.6045,0.6037,0.6039,1485348.3,1709733419999,897325.85928,1189,411647.7,248679.27767,0
1709733420000,0.6038,0.6040,0.6025,0.6027,1260647.4,1709733479999,760562.77907,1088,523321.6,315723.57051,0
1709733480000,0.6027,0.6033,0.6025,0.6031,894355.7,1709733539999,539123.52643,823,419708.3,252999.87185,0
1709733540000,0.6031,0.6033,0.6025,0.6028,736426.7,1709733599999,443997.69799,722,406824.2,245279.37454,0
1709733600000,0.6027,0.6050,0.6027,0.6042,2163822.8,1709733659999,1307811.05070,1713,905617.0,547331.38472,0
1709733660000,0.6043,0.6051,0.6038,0.6048,1776829.1,1709733719999,1074183.94744,1354,926835.6,560327.88339,0
1709733720000,0.6048,0.6055,0.6047,0.6054,1160382.3,1709733779999,702256.55157,1220,460423.0,278661.61413,0
1709733780000,0.6053,0.6056,0.6051,0.6055,744047.5,1709733839999,450452.42508,805,428519.8,259440.69365,0
1709733840000,0.6055,0.6061,0.6051,0.6055,2221332.2,1709733899999,1345186.67921,2277,974407.3,590188.79475,0
1709733900000,0.6055,0.6060,0.6053,0.6058,1864009.3,1709733959999,1128968.11099,1192,958304.2,580392.75132,0
1709733960000,0.6058,0.6062,0.6053,0.6057,1073539.8,1709734019999,650242.21553,909,664765.0,402671.30338,0
1709734020000,0.6058,0.6061,0.6055,0.6061,975098.7,1709734079999,590645.02980,687,558312.6,338214.27265,0
1709734080000,0.6060,0.6061,0.6055,0.6059,668987.8,1709734139999,405304.80850,689,332032.6,201161.56583,0
1709734140000,0.6059,0.6063,0.6054,0.6062,796053.0,1709734199999,482258.46098,1040,450522.6,272940.09362,0
1709734200000,0.6062,0.6070,0.6061,0.6062,1972420.4,1709734259999,1196423.06037,1813,808903.5,490638.09263,0
1709734260000,0.6062,0.6066,0.6056,0.6063,1812461.5,1709734319999,1098754.28760,1195,1021158.8,619007.86523,0
1709734320000,0.6063,0.6069,0.6062,0.6068,585963.0,1709734379999,355411.89409,599,356111.6,215978.56146,0
1709734380000,0.6067,0.6068,0.6063,0.6064,574008.8,1709734439999,348157.58742,467,267120.4,162028.86977,0
1709734440000,0.6064,0.6065,0.6061,0.6061,1047508.0,1709734499999,635080.76043,1564,490301.7,297275.50789,0
1709734500000,0.6061,0.6061,0.6043,0.6046,1985664.5,1709734559999,1201872.73951,1207,409696.3,247831.81992,0
1709734560000,0.6046,0.6054,0.6033,0.6053,1499965.0,1709734619999,906215.81722,1639,677262.6,409205.71975,0
1709734620000,0.6053,0.6057,0.6028,0.6039,1714575.6,1709734679999,1035620.51296,1532,720836.8,435383.71756,0
1709734680000,0.6039,0.6040,0.6028,0.6037,1681405.2,1709734739999,1014368.07754,1271,791516.0,477470.34276,0
1709734740000,0.6037,0.6042,0.6030,0.6041,1171886.4,1709734799999,707508.23032,1065,667828.1,403219.27682,0
1709734800000,0.6041,0.6051,0.6032,0.6049,1118266.0,1709734859999,675803.20724,1148,567303.2,342816.26715,0
1709734860000,0.6049,0.6060,0.6043,0.6044,1080820.5,1709734919999,654161.05560,1077,504885.5,305588.59687,0
1709734920000,0.6044,0.6045,0.6031,0.6038,1325965.5,1709734979999,800597.55183,1237,500666.7,302335.16853,0
1709734980000,0.6038,0.6041,0.6031,0.6031,688687.8,1709735039999,415692.67620,779,382602.3,230940.46107,0
1709735040000,0.6032,0.6032,0.6022,0.6025,545684.9,1709735099999,328859.87720,911,218555.9,131718.13387,0
1709735100000,0.6025,0.6037,0.6025,0.6033,1183539.0,1709735159999,713751.77498,1018,573655.2,345915.52548,0
1709735160000,0.6033,0.6037,0.6024,0.6025,672506.5,1709735219999,405607.80786,748,373431.5,225228.26983,0
1709735220000,0.6025,0.6028,0.6004,0.6008,1619306.6,1709735279999,973879.89185,1826,623799.7,375357.74418,0
1709735280000,0.6008,0.6016,0.6004,0.6011,1743389.0,1709735339999,1047761.56034,1738,644448.6,387305.96150,0
1709735340000,0.6012,0.6023,0.6011,0.6020,662084.5,1709735399999,398437.29759,747,438474.2,263861.99522,0
1709735400000,0.6021,0.6042,0.6021,0.6033,1880994.4,1709735459999,1134799.56978,1766,978411.1,590195.71170,0
1709735460000,0.6033,0.6050,0.6032,0.6042,1749364.8,1709735519999,1056915.14078,1541,915503.2,553106.10171,0
1709735520000,0.6042,0.6043,0.6031,0.6043,1182092.8,1709735579999,713682.08299,1209,493829.8,298140.72003,0
1709735580000,0.6042,0.6048,0.6035,0.6041,1197627.7,1709735639999,723543.84255,1118,609399.3,368152.40821,0
1709735640000,0.6041,0.6044,0.6031,0.6035,1377557.1,1709735699999,831832.78430,1091,420701.8,254037.14327,0
1709735700000,0.6034,0.6044,0.6034,0.6042,913593.2,1709735759999,551674.14307,812,495394.6,299093.34969,0
1709735760000,0.6041,0.6048,0.6039,0.6046,565401.1,1709735819999,341681.06949,801,335843.2,202969.10347,0
1709735820000,0.6045,0.6050,0.6037,0.6037,1044041.3,1709735879999,630692.45054,745,206349.2,124756.94480,0
1709735880000,0.6038,0.6042,0.6021,0.6022,1264169.6,1709735939999,762315.53802,1243,596556.2,359859.49489,0
1709735940000,0.6022,0.6022,0.6005,0.6007,2010042.5,1709735999999,1208799.91631,1785,941783.8,566414.42592,0
1709736000000,0.6008,0.6026,0.6006,0.6025,1270894.0,1709736059999,764778.11673,1312,653697.4,393425.23198,0
1709736060000,0.6025,0.6032,0.6016,0.6028,1055324.4,1709736119999,635825.99038,1114,663043.0,399437.20137,0
1709736120000,0.6027,0.6028,0.6010,0.6010,833864.3,1709736179999,501956.34481,888,261984.2,157772.82232,0
1709736180000,0.6009,0.6014,0.5983,0.5987,3439044.8,1709736239999,2062110.50424,2924,1207038.6,723573.86407,0
1709736240000,0.5987,0.5988,0.5971,0.5985,5230954.7,1709736299999,3128400.75165,4686,3006424.0,1798093.03810,0
1709736300000,0.5986,0.5997,0.5967,0.5968,3367634.7,1709736359999,2013694.69561,3678,1627994.9,973603.29987,0
1709736360000,0.5967,0.5996,0.5965,0.5994,3702885.4,1709736419999,2216442.35708,2748,1577609.5,943905.14504,0
1709736420000,0.5995,0.5996,0.5977,0.5981,2408672.5,1709736479999,1441938.41262,2073,1123045.0,672245.95358,0
1709736480000,0.5981,0.5994,0.5976,0.5979,2555656.7,1709736539999,1529507.42033,1812,1001822.1,599579.25408,0
1709736540000,0.5979,0.5992,0.5977,0.5988,2696451.5,1709736599999,1613557.89236,1763,1219224.9,729695.18398,0
1709736600000,0.5987,0.6012,0.5987,0.6012,1395400.7,1709736659999,837647.54016,1741,800175.3,480440.95829,0
1709736660000,0.6011,0.6040,0.6011,0.6015,2679715.3,1709736719999,1614611.94627,3268,1419269.6,855128.83652,0
1709736720000,0.6016,0.6023,0.6011,0.6011,1353225.2,1709736779999,814027.64181,1421,528459.5,317882.15967,0
1709736780000,0.6012,0.6020,0.6005,0.6018,1653107.6,1709736839999,993960.41784,1770,691438.0,415752.96883,0
1709736840000,0.6018,0.6020,0.6013,0.6017,850005.4,1709736899999,511325.75277,780,419401.5,252294.46741,0
1709736900000,0.6018,0.6023,0.6004,0.6013,1126621.9,1709736959999,677106.77551,1191,533641.9,320724.27292,0
1709736960000,0.6014,0.6020,0.6006,0.6007,1323163.1,1709737019999,795802.80505,1381,579602.0,348598.73838,0
1709737020000,0.6007,0.6012,0.5998,0.6001,984545.3,1709737079999,591246.33649,1137,395487.8,237513.17201,0
1709737080000,0.6001,0.6006,0.5981,0.5983,1620523.8,1709737139999,970577.66161,1818,629242.1,376898.86423,0
1709737140000,0.5983,0.5995,0.5983,0.5988,1014365.8,1709737199999,607530.36922,1088,504984.7,302434.97930,0
1709737200000,0.5988,0.6005,0.5987,0.5990,1836859.7,1709737259999,1101779.90256,1888,875224.2,525033.09593,0
1709737260000,0.5990,0.5990,0.5966,0.5967,5512245.6,1709737319999,3294541.46619,4450,1925993.9,1151175.78754,0
1709737320000,0.5967,0.5974,0.5952,0.5961,3120069.1,1709737379999,1860860.97093,3084,1410938.1,841748.92446,0
1709737380000,0.5961,0.5963,0.5928,0.5935,4335615.2,1709737439999,2577241.10613,4917,1457039.4,865940.11520,0
1709737440000,0.5935,0.5948,0.5920,0.5934,7119895.8,1709737499999,4222925.85060,4665,3514506.6,2084893.02017,0
1709737500000,0.5934,0.5947,0.5924,0.5930,3253862.5,1709737559999,1931014.39529,2697,1660536.8,985379.95636,0
1709737560000,0.5930,0.5946,0.5924,0.5930,2495573.2,1709737619999,1481315.11288,2036,1077572.9,639751.48017,0
1709737620000,0.5929,0.5931,0.5891,0.5908,10778481.0,1709737679999,6364049.45681,7378,5090844.8,3006197.74487,0
1709737680000,0.5909,0.5931,0.5903,0.5930,4458690.7,1709737739999,2637340.57891,3721,2065872.3,1222188.68045,0
1709737740000,0.5931,0.5935,0.5893,0.5904,6372958.8,1709737799999,3768079.66780,5115,2376853.9,1405485.45401,0
1709737800000,0.5903,0.5931,0.5901,0.5922,5863638.4,1709737859999,3469575.43802,4156,2710789.9,1603990.75449,0
1709737860000,0.5921,0.5939,0.5919,0.5931,3728443.7,1709737919999,2210865.81747,2695,1948362.3,1155241.33504,0
1709737920000,0.5932,0.5935,0.5921,0.5926,2312161.9,1709737979999,1370899.11350,1720,1011706.9,599851.13609,0
1709737980000,0.5926,0.5935,0.5918,0.5933,1077905.0,1709738039999,638604.13113,1141,582347.8,344976.77455,0
1709738040000,0.5933,0.5936,0.5920,0.5935,1743626.0,1709738099999,1034109.12024,1174,1026542.9,608793.20461,0
1709738100000,0.5935,0.5949,0.5928,0.5948,2390337.3,1709738159999,1419789.97220,2240,1275909.3,757800.56221,0
1709738160000,0.5948,0.5956,0.5947,0.5954,1481181.6,1709738219999,881500.57795,1449,844412.2,502532.36670,0
1709738220000,0.5954,0.5966,0.5951,0.5958,2169517.3,1709738279999,1292670.62358,1931,1178815.3,702445.03545,0
1709738280000,0.5958,0.5962,0.5944,0.5949,1721329.3,1709738339999,1024774.72439,1429,558835.2,332710.20022,0
1709738340000,0.5949,0.5959,0.5941,0.5944,1298751.8,1709738399999,772818.82884,1375,666679.9,396731.44748,0
1709738400000,0.5945,0.5947,0.5920,0.5926,3160833.2,1709738459999,1875159.23768,2461,886955.0,526312.88522,0
1709738460000,0.5926,0.5936,0.5916,0.5933,3028581.7,1709738519999,1794780.93257,1989,1772520.2,1050674.02352,0
1709738520000,0.5933,0.5943,0.5925,0.5940,1998135.7,1709738579999,1185707.67322,1594,1466246.3,869970.58998,0
1709738580000,0.5941,0.5959,0.5939,0.5956,1610090.5,1709738639999,957714.80533,1536,769234.0,457692.76639,0
1709738640000,0.5957,0.5963,0.5951,0.5954,1381991.5,1709738699999,823191.76362,1226,695051.6,414085.12548,0
1709738700000,0.5955,0.5957,0.5939,0.5951,1502342.9,1709738759999,893396.31192,1452,520322.3,309388.11649,0
1709738760000,0.5952,0.5972,0.5950,0.5970,1223122.1,1709738819999,729115.95918,1654,741869.3,442329.66158,0
1709738820000,0.5970,0.5974,0.5962,0.5964,1338673.9,1709738879999,799030.38515,2621,552845.9,330013.75944,0
1709738880000,0.5965,0.5974,0.5960,0.5962,1204805.7,1709738939999,718874.98767,1284,541657.4,323223.79872,0
1709738940000,0.5962,0.5966,0.5959,0.5961,580822.4,1709738999999,346300.35729,769,274718.4,163796.82374,0
1709739000000,0.5962,0.5991,0.5958,0.5989,2289464.3,1709739059999,1368535.65808,2512,1272898.1,761156.54991,0
1709739060000,0.5989,0.5996,0.5984,0.5993,2309120.0,1709739119999,1383189.68589,2122,1130756.3,677354.59217,0
1709739120000,0.5993,0.5994,0.5981,0.5988,1300571.5,1709739179999,778794.78022,1389,560971.6,335874.15906,0
1709739180000,0.5987,0.5994,0.5986,0.5992,817391.3,1709739239999,489711.17367,953,373103.4,223524.31398,0
1709739240000,0.5991,0.6003,0.5989,0.6002,1093828.6,1709739299999,655905.43573,1346,766845.4,459870.70165,0
1709739300000,0.6001,0.6002,0.5990,0.5998,1045349.1,1709739359999,626750.97539,1062,418352.7,250802.26331,0
1709739360000,0.5997,0.5997,0.5988,0.5989,1056246.1,1709739419999,632836.59753,1089,440714.7,264060.91643,0
1709739420000,0.5988,0.5994,0.5987,0.5994,999123.1,1709739479999,598544.89296,907,599971.1,359417.42730,0
1709739480000,0.5993,0.5994,0.5981,0.5983,1756117.6,1709739539999,1051175.67762,1286,588944.9,352534.92933,0
1709739540000,0.5982,0.5997,0.5980,0.5997,1777001.6,1709739599999,1063696.88799,1092,1371440.7,820973.46556,0
1709739600000,0.5996,0.5999,0.5988,0.5991,1230891.1,1709739659999,737630.32443,1081,582300.3,348959.54240,0
1709739660000,0.5991,0.5995,0.5985,0.5988,1107643.5,1709739719999,663564.27659,854,576000.9,345056.54886,0
1709739720000,0.5988,0.5989,0.5977,0.5982,798672.3,1709739779999,477760.08916,824,299305.0,179043.98854,0
1709739780000,0.5981,0.5989,0.5979,0.5988,670965.5,1709739839999,401528.91407,754,351413.4,210298.07493,0
1709739840000,0.5987,0.5994,0.5984,0.5989,872145.0,1709739899999,522478.73903,795,488291.5,292535.80586,0
1709739900000,0.5988,0.5996,0.5986,0.5990,1144817.4,1709739959999,685917.86727,969,545540.6,326857.67164,0
1709739960000,0.5990,0.6006,0.5990,0.5992,1242289.0,1709740019999,745177.04718,1138,742767.2,445575.77696,0
1709740020000,0.5992,0.5994,0.5989,0.5990,716245.2,1709740079999,429141.23921,647,479478.7,287281.04466,0
1709740080000,0.5990,0.5992,0.5972,0.5975,1204072.0,1709740139999,720153.37073,1096,672664.9,402362.09911,0
1709740140000,0.5976,0.5982,0.5964,0.5967,2193407.0,1709740199999,1309707.48976,1363,906090.3,541188.85414,0
1709740200000,0.5968,0.5982,0.5962,0.5969,2020709.9,1709740259999,1206888.05974,1442,907721.5,542074.03285,0
1709740260000,0.5969,0.5978,0.5967,0.5978,1341494.3,1709740319999,801047.87151,1076,539973.2,322404.65878,0
1709740320000,0.5978,0.5980,0.5969,0.5971,735365.7,1709740379999,439288.02552,763,486894.0,290849.64272,0
1709740380000,0.5971,0.5976,0.5967,0.5969,464461.8,1709740439999,277401.51620,571,183277.4,109450.60924,0
1709740440000,0.5969,0.5987,0.5969,0.5987,509256.3,1709740499999,304369.98623,667,266043.2,159003.02738,0
1709740500000,0.5987,0.5996,0.5982,0.5985,1200165.6,1709740559999,718948.41767,1105,756076.5,452940.36402,0
1709740560000,0.5985,0.5988,0.5981,0.5986,674520.8,1709740619999,403674.16595,597,207387.4,124096.35135,0
1709740620000,0.5987,0.5995,0.5980,0.5981,1534641.0,1709740679999,919102.12761,1019,918387.4,550108.57688,0
1709740680000,0.5982,0.5992,0.5978,0.5990,1124022.9,1709740739999,672829.56633,776,422775.4,253030.89030,0
1709740740000,0.5989,0.5997,0.5988,0.5996,824022.6,1709740799999,493876.68260,697,278637.1,167020.30669,0
1709740800000,0.5996,0.6021,0.5989,0.6004,7340337.3,1709740859999,4411767.07394,4565,3787890.0,2276557.77454,0
1709740860000,0.6003,0.6014,0.5999,0.6005,3317068.5,1709740919999,1992536.32764,2034,2112931.6,1269310.31745,0
1709740920000,0.6005,0.6012,0.5998,0.6011,1091277.1,1709740979999,655301.36419,1155,636081.3,381978.64856,0
1709740980000,0.6011,0.6020,0.6008,0.6019,1020871.8,1709741039999,614015.53579,1309,468748.9,281926.06005,0
1709741040000,0.6018,0.6021,0.6011,0.6011,1208406.6,1709741099999,726872.26505,1007,682676.4,410639.24902,0
1709741100000,0.6012,0.6013,0.6006,0.6012,655336.0,1709741159999,393837.10017,913,242835.1,145938.18102,0
1709741160000,0.6011,0.6026,0.6010,0.6025,1331968.8,1709741219999,802161.61995,1897,756740.5,455733.15078,0
1709741220000,0.6025,0.6032,0.6024,0.6028,1455730.7,1709741279999,877573.31480,1483,935554.9,563985.06599,0
1709741280000,0.6028,0.6036,0.6027,0.6034,981854.3,1709741339999,592424.07363,1020,725276.3,437607.68518,0
1709741340000,0.6033,0.6036,0.6026,0.6035,1064609.5,1709741399999,642068.39409,892,634772.6,382870.93125,0
1709741400000,0.6034,0.6035,0.6023,0.6027,960041.0,1709741459999,578855.84556,793,378434.1,228180.43492,0
1709741460000,0.6027,0.6036,0.6025,0.6034,1130980.6,1709741519999,682146.99938,1843,548000.7,330491.59856,0
1709741520000,0.6034,0.6036,0.6024,0.6024,990590.1,1709741579999,597348.11376,860,397166.6,239455.61650,0
1709741580000,0.6023,0.6023,0.6015,0.6019,1519731.9,1709741639999,914596.24556,980,508044.1,305807.68890,0
1709741640000,0.6018,0.6027,0.6016,0.6025,839948.7,1709741699999,505840.53948,643,519675.8,312956.75291,0
1709741700000,0.6025,0.6030,0.6019,0.6024,1188494.4,1709741759999,715993.34961,1088,483295.7,291158.10028,0
1709741760000,0.6024,0.6028,0.6013,0.6018,1021992.8,1709741819999,615175.98168,1003,460155.2,276941.47451,0
1709741820000,0.6018,0.6021,0.6012,0.6018,821081.6,1709741879999,493955.52311,958,403472.8,242723.89687,0
1709741880000,0.6018,0.6018,0.6009,0.6015,1088098.7,1709741939999,654138.51751,737,217902.5,131026.04863,0
1709741940000,0.6015,0.6043,0.6013,0.6042,1866240.4,1709741999999,1125776.93456,1672,1494876.4,901900.62874,0
1709742000000,0.6042,0.6055,0.6040,0.6041,2950377.6,1709742059999,1784410.93931,3105,1580910.9,956266.09487,0
1709742060000,0.6040,0.6044,0.6027,0.6029,1751418.4,1709742119999,1057484.35383,1539,589284.2,355677.33055,0
1709742120000,0.6030,0.6037,0.6027,0.6031,895257.3,1709742179999,540020.99089,1026,520249.3,313822.01193,0
1709742180000,0.6031,0.6045,0.6031,0.6039,738481.4,1709742239999,446001.58612,828,407196.0,245922.37133,0
1709742240000,0.6039,0.6047,0.6037,0.6044,1107355.7,1709742299999,669081.45966,1033,656074.8,396394.20507,0
1709742300000,0.6044,0.6045,0.6034,0.6040,904331.1,1709742359999,546146.65645,734,563218.1,340143.88484,0
1709742360000,0.6040,0.6046,0.6037,0.6044,652336.0,1709742419999,394129.15217,657,319699.4,193162.88477,0
1709742420000,0.6045,0.6050,0.6043,0.6047,473102.4,1709742479999,286082.96039,549,230667.6,139478.96590,0
1709742480000,0.6047,0.6048,0.6036,0.6045,912104.8,1709742539999,551101.22104,799,454322.6,274505.63886,0
1709742540000,0.6045,0.6051,0.6041,0.6051,825782.5,1709742599999,499307.98042,692,313475.9,189550.05898,0
1709742600000,0.6051,0.6052,0.6039,0.6042,1392839.5,1709742659999,842069.29103,1086,523578.3,316586.58966,0
1709742660000,0.6041,0.6045,0.6030,0.6030,731590.1,1709742719999,441801.60226,915,268899.4,162428.89515,0
1709742720000,0.6030,0.6036,0.6014,0.6017,1830373.8,1709742779999,1102707.15897,1769,750771.0,452263.62650,0
1709742780000,0.6018,0.6032,0.6015,0.6027,1443559.2,1709742839999,869545.47716,1093,826924.3,498151.82001,0
1709742840000,0.6027,0.6030,0.6009,0.6011,1611650.1,1709742899999,969563.41575,1431,594601.8,357810.86832,0
1709742900000,0.6012,0.6013,0.5992,0.5996,2459453.1,1709742959999,1476238.66817,2641,689897.1,414172.53865,0
1709742960000,0.5996,0.6011,0.5993,0.6003,2204372.1,1709743019999,1323434.77749,1534,1292868.7,776162.90223,0
1709743020000,0.6003,0.6009,0.5996,0.6009,1145740.2,1709743079999,687602.22131,1202,489925.8,294010.95841,0
1709743080000,0.6008,0.6012,0.6001,0.6005,713595.9,1709743139999,428546.01424,807,408775.4,245460.31424,0
1709743140000,0.6006,0.6007,0.5982,0.5994,2078640.0,1709743199999,1245750.28331,1961,861812.5,516391.30988,0
1709743200000,0.5993,0.6002,0.5989,0.5999,1482669.2,1709743259999,889178.16038,1148,1001595.7,600723.21059,0
1709743260000,0.5998,0.6006,0.5991,0.6002,1280549.0,1709743319999,768341.53767,1011,797488.3,478528.63299,0
1709743320000,0.6002,0.6008,0.5998,0.6007,826513.7,1709743379999,496135.31562,727,396341.3,237940.40227,0
1709743380000,0.6006,0.6008,0.5992,0.6007,1113381.9,1709743439999,668219.91207,960,733819.8,440406.42520,0
1709743440000,0.6008,0.6019,0.6008,0.6018,437324.1,1709743499999,263020.47558,714,217036.6,130537.00845,0
1709743500000,0.6017,0.6028,0.6014,0.6017,1210031.7,1709743559999,728352.87675,1211,569348.4,342742.27671,0
1709743560000,0.6017,0.6017,0.6008,0.6012,806857.1,1709743619999,485148.95060,893,385432.3,231727.13936,0
1709743620000,0.6012,0.6012,0.6002,0.6008,851218.9,1709743679999,511206.93319,904,416559.0,250173.20582,0
1709743680000,0.6009,0.6019,0.6003,0.6019,663151.2,1709743739999,398537.69956,651,396720.0,238456.08368,0
1709743740000,0.6019,0.6030,0.6013,0.6013,1157652.0,1709743799999,697251.44781,1137,591819.9,356401.58513,0
1709743800000,0.6013,0.6025,0.6010,0.6024,1039041.8,1709743859999,625350.61397,858,676414.3,407180.27370,0
1709743860000,0.6024,0.6028,0.6017,0.6022,655095.2,1709743919999,394564.94781,717,325882.1,196267.15775,0
1709743920000,0.6022,0.6024,0.6012,0.6017,536148.4,1709743979999,322660.66163,625,294198.6,177050.41200,0
1709743980000,0.6018,0.6026,0.6017,0.6026,499541.2,1709744039999,300830.18449,577,253711.2,152795.96455,0
1709744040000,0.6027,0.6033,0.6021,0.6027,705117.9,1709744099999,424940.39837,846,400905.1,241597.61444,0
1709744100000,0.6028,0.6041,0.6026,0.6041,680822.1,1709744159999,410773.49949,942,349949.4,211166.89764,0
1709744160000,0.6041,0.6051,0.6031,0.6050,1727413.0,1709744219999,1043789.28196,1577,742465.7,448711.67991,0
1709744220000,0.6051,0.6060,0.6049,0.6051,1790612.8,1709744279999,1084206.13302,1987,840349.3,508870.59551,0
1709744280000,0.6050,0.6058,0.6050,0.6051,930667.7,1709744339999,563443.60210,872,482014.9,291840.29417,0
1709744340000,0.6050,0.6058,0.6050,0.6051,868055.7,1709744399999,525561.24418,683,408625.0,247404.34581,0
1709744400000,0.6051,0.6053,0.6032,0.6032,2161425.6,1709744459999,1306460.32085,1593,665929.3,402610.32315,0
1709744460000,0.6031,0.6044,0.6031,0.6037,1137699.4,1709744519999,686875.65044,1038,626272.8,378063.32556,0
1709744520000,0.6038,0.6041,0.6027,0.6027,1002293.1,1709744579999,604677.42882,1096,539127.6,325239.37483,0
1709744580000,0.6027,0.6031,0.6023,0.6024,1051594.0,1709744639999,633894.21975,940,348781.5,210250.54513,0
1709744640000,0.6025,0.6031,0.6022,0.6027,651763.8,1709744699999,392750.18195,751,335497.4,202172.34324,0
1709744700000,0.6027,0.6031,0.6020,0.6022,658651.6,1709744759999,396777.84292,753,265861.7,160166.74216,0
1709744760000,0.6023,0.6024,0.6018,0.6022,833600.4,1709744819999,501935.00748,797,383297.5,230813.31395,0
1709744820000,0.6023,0.6034,0.6020,0.6032,827078.1,1709744879999,498494.89926,790,499415.1,300969.07077,0
1709744880000,0.6032,0.6039,0.6030,0.6038,676398.4,1709744939999,408183.30698,684,461907.4,278746.92508,0
1709744940000,0.6037,0.6041,0.6030,0.6039,1109828.2,1709744999999,669981.65408,681,463237.0,279671.99363,0
1709745000000,0.6039,0.6049,0.6039,0.6049,647993.4,1709745059999,391657.61283,725,413980.0,250225.29773,0
1709745060000,0.6048,0.6060,0.6047,0.6057,2568601.9,1709745119999,1555082.48361,1453,1653938.5,1001357.98061,0
1709745120000,0.6057,0.6060,0.6053,0.6054,1180743.3,1709745179999,715196.23642,698,610550.0,369822.71612,0
1709745180000,0.6055,0.6058,0.6048,0.6053,561926.2,1709745239999,340149.64638,490,315535.8,190999.47837,0
1709745240000,0.6052,0.6056,0.6051,0.6051,420923.8,1709745299999,254796.22659,413,212103.5,128393.63038,0
1709745300000,0.6051,0.6061,0.6050,0.6060,1159288.8,1709745359999,702051.65538,750,684618.1,414577.74096,0
1709745360000,0.6060,0.6063,0.6057,0.6062,828468.5,1709745419999,502112.86405,706,384028.9,232765.26666,0
1709745420000,0.6062,0.6063,0.6035,0.6036,2353264.8,1709745479999,1422361.40799,1349,289384.3,175002.54485,0
1709745480000,0.6035,0.6056,0.6034,0.6051,1543512.8,1709745539999,933066.16767,1208,929843.9,561999.92822,0
1709745540000,0.6051,0.6054,0.6035,0.6042,837381.0,1709745599999,506152.21816,973,394735.3,238629.72780,0
1709745600000,0.6043,0.6059,0.6042,0.6056,1733213.4,1709745659999,1048856.89179,1399,864685.4,523181.97833,0
1709745660000,0.6056,0.6058,0.6042,0.6051,959305.5,1709745719999,580464.15810,852,494789.0,299422.44183,0
1709745720000,0.6051,0.6051,0.6036,0.6046,1235874.8,1709745779999,747068.76045,948,618552.1,373891.87310,0
1709745780000,0.6045,0.6047,0.6038,0.6044,725833.6,1709745839999,438524.18047,622,389395.7,235288.70226,0
1709745840000,0.6044,0.6047,0.6034,0.6035,670528.7,1709745899999,404911.04067,635,219519.3,132609.24011,0
1709745900000,0.6035,0.6042,0.6031,0.6039,685363.9,1709745959999,413666.56471,756,465037.9,280685.98203,0
1709745960000,0.6039,0.6043,0.6033,0.6042,678240.0,1709746019999,409503.15653,578,444541.6,268404.36964,0
1709746020000,0.6043,0.6045,0.6038,0.6043,793001.4,1709746079999,479065.90046,579,424218.8,256264.76407,0
1709746080000,0.6043,0.6049,0.6038,0.6049,599709.8,1709746139999,362270.67382,493,425273.4,256902.98223,0
1709746140000,0.6049,0.6049,0.6037,0.6040,841640.3,1709746199999,508749.32464,572,362978.0,219364.96313,0
1709746200000,0.6039,0.6046,0.6037,0.6039,662946.7,1709746259999,400532.33090,715,289608.9,174967.22376,0
1709746260000,0.6038,0.6047,0.6037,0.6043,644888.7,1709746319999,389576.53693,675,330742.1,199776.50893,0
1709746320000,0.6043,0.6078,0.6041,0.6075,6177648.6,1709746379999,3743561.46329,3544,4299993.5,2604761.01480,0
1709746380000,0.6075,0.6077,0.6071,0.6074,1956187.2,1709746439999,1188163.92603,1091,1030568.9,625975.26062,0
1709746440000,0.6074,0.6074,0.6068,0.6070,823688.0,1709746499999,500051.25693,648,300440.4,182389.94381,0
1709746500000,0.6070,0.6082,0.6069,0.6080,1333746.3,1709746559999,810301.35017,1905,870417.9,528805.12045,0
1709746560000,0.6080,0.6081,0.6071,0.6071,775266.2,1709746619999,471124.58109,827,359368.6,218393.84433,0
1709746620000,0.6072,0.6074,0.6062,0.6064,855818.7,1709746679999,519332.03229,847,466462.0,283050.37401,0
1709746680000,0.6064,0.6066,0.6059,0.6065,648812.5,1709746739999,393363.54264,703,267169.1,161978.10197,0
1709746740000,0.6065,0.6068,0.6059,0.6067,619709.0,1709746799999,375684.43600,647,333739.6,202329.41717,0
1709746800000,0.6067,0.6072,0.6061,0.6061,754964.7,1709746859999,457974.58657,673,336893.0,204381.07552,0
1709746860000,0.6061,0.6068,0.6055,0.6063,954273.8,1709746919999,578408.91244,1010,431136.6,261333.87403,0
1709746920000,0.6063,0.6073,0.6062,0.6071,637454.8,1709746979999,386865.11554,653,260287.6,157963.37034,0
1709746980000,0.6071,0.6084,0.6068,0.6084,969941.6,1709747039999,589261.58480,1340,787902.4,478667.76806,0
1709747040000,0.6083,0.6085,0.6074,0.6076,982718.0,1709747099999,597486.94357,1054,453476.9,275736.98196,0
1709747100000,0.6075,0.6079,0.6066,0.6077,1020640.3,1709747159999,619874.19673,912,451644.0,274323.19825,0
1709747160000,0.6076,0.6086,0.6074,0.6085,1211837.4,1709747219999,737084.59753,1017,612171.3,372332.43345,0
1709747220000,0.6085,0.6088,0.6081,0.6085,545671.4,1709747279999,331963.31386,645,158286.6,96298.74399,0
1709747280000,0.6085,0.6092,0.6082,0.6088,1266650.4,1709747339999,771139.10361,1096,970330.1,590774.10107,0
1709747340000,0.6088,0.6090,0.6085,0.6086,673476.6,1709747399999,410012.18575,585,282279.0,171850.28056,0
1709747400000,0.6087,0.6096,0.6087,0.6094,622138.3,1709747459999,378976.49545,967,421379.1,256694.10747,0
1709747460000,0.6094,0.6098,0.6087,0.6088,993373.6,1709747519999,605244.57272,995,322082.4,196256.79844,0
1709747520000,0.6089,0.6091,0.6081,0.6085,933924.6,1709747579999,568435.22187,842,446935.9,272035.85246,0
1709747580000,0.6085,0.6091,0.6084,0.6090,588774.6,1709747639999,358465.09352,559,310763.4,189211.13513,0
1709747640000,0.6090,0.6093,0.6087,0.6089,579725.9,1709747699999,353034.40859,524,237149.4,144427.20693,0
1709747700000,0.6089,0.6094,0.6086,0.6092,780969.1,1709747759999,475618.84231,719,424833.8,258715.10614,0
1709747760000,0.6092,0.6102,0.6091,0.6102,1221693.1,1709747819999,744810.67408,1087,1038122.4,632921.36749,0
1709747820000,0.6102,0.6102,0.6094,0.6095,891481.9,1709747879999,543550.65216,596,421719.3,257125.22423,0
1709747880000,0.6095,0.6099,0.6094,0.6099,442283.3,1709747939999,269632.98743,379,359231.3,219002.89344,0
1709747940000,0.6099,0.6106,0.6098,0.6104,2550467.5,1709747999999,1556305.94899,2455,1715939.2,1047093.94135,0
1709748000000,0.6104,0.6107,0.6099,0.6100,1127984.9,1709748059999,688423.68813,1146,557209.5,340073.39710,0
1709748060000,0.6101,0.6108,0.6098,0.6107,1071541.6,1709748119999,653945.15692,1037,585599.5,357437.69967,0
1709748120000,0.6107,0.6110,0.6104,0.6108,923797.7,1709748179999,564177.62473,1055,462293.1,282331.38729,0
1709748180000,0.6108,0.6116,0.6107,0.6115,742307.6,1709748239999,453609.74398,991,457719.3,279734.94387,0
1709748240000,0.6114,0.6116,0.6110,0.6115,539586.3,1709748299999,329900.90890,583,306069.9,187125.09608,0
1709748300000,0.6115,0.6116,0.6112,0.6112,556860.3,1709748359999,340460.68137,545,236188.2,144409.98135,0
1709748360000,0.6113,0.6116,0.6101,0.6103,969518.9,1709748419999,592081.83478,850,374971.1,229000.11626,0
1709748420000,0.6103,0.6107,0.6093,0.6095,1823613.4,1709748479999,1112031.97038,1214,352628.1,215074.07418,0
1709748480000,0.6096,0.6101,0.6094,0.6098,985486.5,1709748539999,600883.17032,588,610574.8,372294.04295,0
1709748540000,0.6098,0.6100,0.6088,0.6092,1300063.7,1709748599999,792145.04985,830,465383.3,283598.21375,0
1709748600000,0.6092,0.6095,0.6080,0.6085,1173515.4,1709748659999,714196.35206,1272,449523.6,273559.65534,0
1709748660000,0.6086,0.6088,0.6082,0.6084,808502.2,1709748719999,491951.81223,702,338159.7,205764.16423,0
1709748720000,0.6084,0.6091,0.6079,0.6089,431466.7,1709748779999,262565.73087,547,240149.6,146159.71314,0
1709748780000,0.6089,0.6090,0.6081,0.6083,498663.1,1709748839999,303412.22089,437,112462.3,68426.12523,0
1709748840000,0.6082,0.6086,0.6081,0.6082,508391.1,1709748899999,309235.15615,424,265636.9,161586.30567,0
1709748900000,0.6083,0.6095,0.6081,0.6093,509843.0,1709748959999,310406.75403,512,229951.3,139987.15610,0
1709748960000,0.6094,0.6097,0.6090,0.6096,518928.3,1709749019999,316238.67105,462,283568.8,172838.46514,0
1709749020000,0.6095,0.6096,0.6086,0.6088,766204.9,1709749079999,466691.02659,586,279211.8,170051.63784,0
1709749080000,0.6088,0.6097,0.6088,0.6095,726130.8,1709749139999,442473.01571,575,281382.2,171462.27577,0
1709749140000,0.6096,0.6098,0.6091,0.6093,343363.3,1709749199999,209269.73521,384,153764.9,93717.47681,0
1709749200000,0.6094,0.6100,0.6093,0.6100,588191.0,1709749259999,358518.27300,559,444740.8,271083.99146,0
1709749260000,0.6100,0.6105,0.6096,0.6097,448161.7,1709749319999,273429.01972,471,153654.9,93748.56477,0
1709749320000,0.6097,0.6102,0.6096,0.6101,422757.3,1709749379999,257808.15875,415,188406.3,114897.57403,0
1709749380000,0.6101,0.6107,0.6101,0.6101,675546.2,1709749439999,412258.00178,479,428473.7,261455.70073,0
1709749440000,0.6102,0.6105,0.6102,0.6103,324714.9,1709749499999,198182.75946,267,180755.9,110322.72017,0
1709749500000,0.6104,0.6104,0.6097,0.6099,803213.3,1709749559999,490046.05566,635,458992.5,280029.43575,0
1709749560000,0.6099,0.6102,0.6095,0.6096,422819.4,1709749619999,257840.25897,419,223330.7,136190.20848,0
1709749620000,0.6096,0.6097,0.6090,0.6091,539034.7,1709749679999,328497.35862,840,233997.0,142606.58561,0
1709749680000,0.6090,0.6094,0.6083,0.6085,690020.0,1709749739999,420188.40767,665,243734.8,148451.49151,0
1709749740000,0.6084,0.6114,0.6084,0.6111,1727411.3,1709749799999,1054762.78652,1555,862328.9,526284.48545,0
1709749800000,0.6112,0.6116,0.6101,0.6102,1113757.3,1709749859999,680757.97352,1251,635112.6,388224.24643,0
1709749860000,0.6103,0.6107,0.6091,0.6103,1250878.1,1709749919999,763117.75599,1108,852081.3,519850.53345,0
1709749920000,0.6104,0.6104,0.6089,0.6091,514908.3,1709749979999,313867.07090,1010,268812.3,163814.95973,0
1709749980000,0.6090,0.6090,0.6072,0.6074,1771918.7,1709750039999,1077063.06439,1668,592904.6,360378.47492,0
1709750040000,0.6075,0.6085,0.6074,0.6076,1359616.8,1709750099999,826454.79168,1161,884478.7,537646.45228,0
1709750100000,0.6075,0.6080,0.6069,0.6072,1728138.8,1709750159999,1049645.43381,1434,739220.5,449081.94889,0
1709750160000,0.6071,0.6076,0.6069,0.6075,1161388.9,1709750219999,705265.83241,809,560030.1,340120.90537,0
1709750220000,0.6076,0.6077,0.6068,0.6071,774723.2,1709750279999,470484.62566,792,366544.1,222608.89203,0
1709750280000,0.6071,0.6079,0.6066,0.6078,1254000.1,1709750339999,761279.42943,836,482599.2,293005.74724,0
1709750340000,0.6077,0.6084,0.6077,0.6080,924983.9,1709750399999,562495.47378,770,478979.8,291259.15474,0
1709750400000,0.6080,0.6086,0.6078,0.6082,541784.7,1709750459999,329531.37979,578,253939.6,154458.40615,0
1709750460000,0.6082,0.6090,0.6079,0.6080,830242.1,1709750519999,505133.44358,783,527765.5,321128.04910,0
1709750520000,0.6080,0.6082,0.6075,0.6078,516534.1,1709750579999,313998.84205,535,156886.9,95385.69421,0
1709750580000,0.6078,0.6085,0.6078,0.6084,471655.0,1709750639999,286820.99531,440,265617.3,161517.72517,0
1709750640000,0.6085,0.6085,0.6079,0.6083,230973.4,1709750699999,140464.20373,277,94872.1,57695.87710,0
1709750700000,0.6083,0.6100,0.6079,0.6100,678831.3,1709750759999,413179.73090,767,458114.3,278927.03213,0
1709750760000,0.6100,0.6105,0.6093,0.6093,769083.8,1709750819999,469175.70338,948,282806.8,172530.37898,0
1709750820000,0.6094,0.6094,0.6078,0.6078,779706.6,1709750879999,474556.87611,845,314679.6,191542.58870,0
1709750880000,0.6077,0.6080,0.6058,0.6061,2371131.8,1709750939999,1438114.97783,2368,1026486.5,622568.58435,0
1709750940000,0.6061,0.6073,0.6061,0.6070,1119019.7,1709750999999,679162.84834,945,520941.9,316137.77571,0
1709751000000,0.6070,0.6078,0.6063,0.6070,1311060.5,1709751059999,795871.17142,1170,634844.6,385353.11847,0
1709751060000,0.6070,0.6082,0.6067,0.6075,1188680.2,1709751119999,722013.35972,1013,545244.1,331149.86876,0
1709751120000,0.6076,0.6084,0.6072,0.6084,491390.6,1709751179999,298586.40033,577,282611.2,171718.10885,0
1709751180000,0.6084,0.6086,0.6076,0.6085,745131.5,1709751239999,453220.51891,633,134226.1,81639.40793,0
1709751240000,0.6086,0.6093,0.6085,0.6089,430883.6,1709751299999,262386.20551,495,182766.7,111272.53884,0
1709751300000,0.6089,0.6104,0.6083,0.6103,953101.9,1709751359999,580658.73107,1429,573389.1,349316.89465,0
1709751360000,0.6102,0.6103,0.6095,0.6099,781852.0,1709751419999,476847.46471,725,307503.9,187540.76449,0
1709751420000,0.6098,0.6101,0.6094,0.6097,536251.1,1709751479999,326911.02122,475,58132.3,35446.09780,0
1709751480000,0.6097,0.6099,0.6094,0.6098,312265.8,1709751539999,190363.29469,369,129758.2,79104.69103,0
1709751540000,0.6098,0.6100,0.6097,0.6100,363687.3,1709751599999,221803.29029,423,167473.3,102143.04572,0
1709751600000,0.6099,0.6101,0.6096,0.6100,520873.3,1709751659999,317663.85630,693,284022.9,173212.46666,0
1709751660000,0.6100,0.6100,0.6093,0.6097,387182.3,1709751719999,236047.09331,525,187271.5,114168.84592,0
1709751720000,0.6097,0.6100,0.6084,0.6084,548689.4,1709751779999,334258.28589,995,171483.5,104476.21083,0
1709751780000,0.6084,0.6084,0.6074,0.6078,615200.2,1709751839999,374005.94771,890,303419.5,184461.44780,0
1709751840000,0.6078,0.6084,0.6070,0.6072,469922.8,1709751899999,285542.33273,707,209880.6,127540.08074,0
1709751900000,0.6072,0.6088,0.6072,0.6087,721338.3,1709751959999,438596.53629,834,397187.2,241441.92224,0
1709751960000,0.6087,0.6097,0.6085,0.6094,656165.6,1709752019999,399710.98225,903,356857.5,217379.23383,0
1709752020000,0.6095,0.6096,0.6091,0.6092,475253.1,1709752079999,289582.91163,512,241635.6,147233.95350,0
1709752080000,0.6092,0.6093,0.6083,0.6083,207206.2,1709752139999,126167.09551,383,80308.2,48904.52118,0
1709752140000,0.6084,0.6085,0.6076,0.6076,287845.8,1709752199999,175031.68473,410,116783.7,71022.05734,0
1709752200000,0.6077,0.6085,0.6075,0.6083,762430.9,1709752259999,463623.13335,703,508470.9,309185.32398,0
1709752260000,0.6083,0.6084,0.6071,0.6078,674240.1,1709752319999,409650.87347,643,400003.8,243061.56502,0
1709752320000,0.6078,0.6087,0.6078,0.6087,321492.2,1709752379999,195560.46212,568,181747.7,110557.39174,0
1709752380000,0.6088,0.6089,0.6086,0.6089,184224.3,1709752439999,112151.43038,294,117582.8,71582.01702,0
1709752440000,0.6089,0.6089,0.6078,0.6079,430018.6,1709752499999,261515.07261,419,77992.0,47425.00362,0
1709752500000,0.6079,0.6088,0.6076,0.6085,589663.9,1709752559999,358591.89947,749,311138.6,189177.41180,0
1709752560000,0.6085,0.6093,0.6084,0.6092,451829.2,1709752619999,275100.37377,432,309824.9,188664.28862,0
1709752620000,0.6092,0.6103,0.6092,0.6102,438515.4,1709752679999,267404.62783,669,276219.7,168436.64820,0
1709752680000,0.6102,0.6103,0.6096,0.6097,420404.6,1709752739999,256416.21302,460,124855.4,76151.99077,0
1709752740000,0.6096,0.6101,0.6092,0.6101,369118.8,1709752799999,225033.06629,363,207508.6,126501.50724,0
1709752800000,0.6100,0.6101,0.6095,0.6096,516441.4,1709752859999,314956.98846,477,227381.5,138667.75570,0
1709752860000,0.6096,0.6101,0.6095,0.6098,385012.3,1709752919999,234792.74296,398,169061.6,103087.54577,0
1709752920000,0.6098,0.6100,0.6096,0.6098,378428.3,1709752979999,230765.49597,310,190078.0,115907.28726,0
1709752980000,0.6098,0.6101,0.6096,0.6101,371812.1,1709753039999,226752.55429,331,206633.9,126023.36248,0
1709753040000,0.6101,0.6112,0.6101,0.6112,887309.6,1709753099999,541826.12799,918,434795.4,265549.81032,0
1709753100000,0.6111,0.6118,0.6110,0.6112,1603282.6,1709753159999,980413.79731,1536,1227398.8,750588.39628,0
1709753160000,0.6111,0.6119,0.6106,0.6118,467480.0,1709753219999,285725.98505,662,251889.5,153965.63191,0
1709753220000,0.6117,0.6129,0.6117,0.6129,1786943.9,1709753279999,1094109.59935,1848,1305490.1,799367.62558,0
1709753280000,0.6128,0.6133,0.6125,0.6133,997816.1,1709753339999,611642.06949,1939,444764.8,272656.13707,0
1709753340000,0.6132,0.6136,0.6128,0.6134,946089.7,1709753399999,580129.43337,1016,544827.5,334099.07444,0
1709753400000,0.6134,0.6139,0.6132,0.6139,942716.8,1709753459999,578484.37870,989,492281.5,302083.68245,0
1709753460000,0.6139,0.6139,0.6128,0.6133,949043.9,1709753519999,582091.12479,854,267983.5,164372.84013,0
1709753520000,0.6133,0.6133,0.6117,0.6117,1270043.8,1709753579999,778134.46669,1573,349713.2,214316.78208,0
1709753580000,0.6117,0.6121,0.6114,0.6115,1285514.3,1709753639999,786371.75735,1070,697755.6,426820.77267,0
1709753640000,0.6116,0.6120,0.6115,0.6115,625118.9,1709753699999,382420.42402,754,388388.3,237601.39839,0
1709753700000,0.6115,0.6123,0.6115,0.6122,562701.0,1709753759999,344341.46338,544,297581.0,182096.96630,0
1709753760000,0.6122,0.6133,0.6121,0.6128,625163.2,1709753819999,383019.80992,691,360688.1,220976.87283,0
1709753820000,0.6128,0.6129,0.6120,0.6123,559711.3,1709753879999,342850.82619,489,257488.1,157711.37304,0
1709753880000,0.6123,0.6130,0.6121,0.6128,373312.5,1709753939999,228670.58729,397,255279.0,156369.06966,0
1709753940000,0.6129,0.6133,0.6128,0.6131,740578.6,1709753999999,453970.80684,507,345950.9,212073.23280,0
1709754000000,0.6130,0.6133,0.6128,0.6129,570611.7,1709754059999,349811.25221,513,343523.6,210602.18745,0
1709754060000,0.6130,0.6132,0.6123,0.6130,651925.6,1709754119999,399412.09897,523,324652.4,198914.08788,0
1709754120000,0.6131,0.6134,0.6128,0.6131,353568.4,1709754179999,216778.69833,425,199443.6,122289.23935,0
1709754180000,0.6131,0.6132,0.6123,0.6125,342462.4,1709754239999,209843.62836,350,137260.0,84095.17298,0
1709754240000,0.6125,0.6134,0.6125,0.6132,485057.9,1709754299999,297286.97508,481,302803.2,185574.40345,0
1709754300000,0.6132,0.6134,0.6129,0.6130,471012.5,1709754359999,288805.94276,535,269010.4,164943.20701,0
1709754360000,0.6130,0.6138,0.6128,0.6136,459057.7,1709754419999,281584.28657,538,275677.6,169101.76684,0
1709754420000,0.6136,0.6136,0.6130,0.6130,333816.3,1709754479999,204726.22099,410,123248.7,75588.99549,0
1709754480000,0.6130,0.6140,0.6130,0.6138,552036.5,1709754539999,338703.74256,596,284517.5,174555.33391,0
1709754540000,0.6137,0.6137,0.6132,0.6136,351293.7,1709754599999,215484.95758,411,170960.7,104865.69895,0
1709754600000,0.6137,0.6141,0.6135,0.6141,480191.0,1709754659999,294739.34912,587,237842.1,145995.84237,0
1709754660000,0.6140,0.6142,0.6140,0.6142,476205.3,1709754719999,292435.33770,583,206967.0,127106.85726,0
1709754720000,0.6141,0.6145,0.6141,0.6144,520613.3,1709754779999,319835.64410,592,260116.6,159799.10848,0
1709754780000,0.6143,0.6145,0.6140,0.6140,442625.9,1709754839999,271851.61755,463,166773.5,102441.98273,0
1709754840000,0.6140,0.6147,0.6140,0.6145,685164.4,1709754899999,420916.65011,616,315109.9,193563.16389,0
1709754900000,0.6145,0.6145,0.6140,0.6141,395805.9,1709754959999,243151.88744,731,251092.1,154260.85994,0
1709754960000,0.6141,0.6143,0.6135,0.6135,795873.0,1709755019999,488646.07206,587,180132.5,110620.81082,0
1709755020000,0.6135,0.6135,0.6127,0.6127,584311.2,1709755079999,358275.17744,545,62826.8,38532.96280,0
1709755080000,0.6126,0.6132,0.6118,0.6132,1256314.1,1709755139999,769235.57181,1107,569813.9,348925.49354,0
1709755140000,0.6132,0.6132,0.6118,0.6123,962084.0,1709755199999,588914.69830,847,189139.3,115785.64452,0
1709755200000,0.6122,0.6126,0.6114,0.6118,625122.0,1709755259999,382426.31519,925,255079.7,156047.26820,0
1709755260000,0.6119,0.6128,0.6117,0.6128,935243.3,1709755319999,572661.11029,806,573692.4,351267.38697,0
1709755320000,0.6127,0.6140,0.6127,0.6138,574813.1,1709755379999,352559.95554,712,280518.0,172046.42457,0
1709755380000,0.6138,0.6143,0.6135,0.6142,509340.6,1709755439999,312662.79979,582,282043.3,173140.94090,0
1709755440000,0.6143,0.6143,0.6139,0.6140,681650.0,1709755499999,418591.53319,632,269937.5,165774.10385,0
1709755500000,0.6140,0.6142,0.6136,0.6141,957504.2,1709755559999,587804.65526,723,401539.1,246503.28279,0
1709755560000,0.6140,0.6140,0.6132,0.6132,596072.3,1709755619999,365761.57123,572,209559.6,128591.66117,0
1709755620000,0.6132,0.6143,0.6131,0.6143,877902.5,1709755679999,538725.07124,622,692597.6,425053.38160,0
1709755680000,0.6143,0.6149,0.6143,0.6146,1011812.6,1709755739999,621859.31972,1077,586944.5,360747.28826,0
1709755740000,0.6145,0.6149,0.6145,0.6148,573306.3,1709755799999,352419.01235,433,334841.7,205845.62285,0
1709755800000,0.6147,0.6147,0.6137,0.6142,787951.9,1709755859999,483912.85309,760,325626.1,199942.36050,0
1709755860000,0.6142,0.6150,0.6136,0.6148,948735.3,1709755919999,582694.24649,727,577677.8,354765.42011,0
1709755920000,0.6148,0.6148,0.6144,0.6148,615672.0,1709755979999,378396.91739,440,306675.8,188488.93350,0
1709755980000,0.6148,0.6154,0.6145,0.6148,2020476.9,1709756039999,1242422.55089,1285,1533283.4,942867.87736,0
1709756040000,0.6149,0.6154,0.6145,0.6151,1047147.9,1709756099999,644105.19780,793,782053.1,481062.67659,0
1709756100000,0.6151,0.6154,0.6141,0.6145,980668.2,1709756159999,602988.60846,799,471804.3,290144.54089,0
1709756160000,0.6144,0.6155,0.6144,0.6151,612478.0,1709756219999,376613.42701,584,337177.5,207337.75423,0
1709756220000,0.6151,0.6155,0.6148,0.6155,778086.1,1709756279999,478648.98284,617,493190.9,303399.53733,0
1709756280000,0.6154,0.6159,0.6148,0.6148,911551.4,1709756339999,560882.68835,826,311911.8,191958.37171,0
1709756340000,0.6149,0.6153,0.6147,0.6149,582852.4,1709756399999,358429.12230,550,291244.9,179113.29837,0
1709756400000,0.6148,0.6150,0.6141,0.6147,1602843.2,1709756459999,984818.37039,946,591401.5,363422.08054,0
1709756460000,0.6147,0.6147,0.6135,0.6136,1021900.3,1709756519999,627366.46719,903,432639.0,265575.67092,0
1709756520000,0.6136,0.6142,0.6129,0.6141,1124138.9,1709756579999,689585.56801,1015,484504.5,297274.66019,0
1709756580000,0.6141,0.6141,0.6128,0.6130,630807.6,1709756639999,386881.90820,622,270519.0,165916.84846,0
1709756640000,0.6129,0.6131,0.6121,0.6126,828401.6,1709756699999,507487.84619,846,311937.0,191070.95732,0
1709756700000,0.6125,0.6126,0.6119,0.6120,586693.0,1709756759999,359198.12379,945,217732.4,133314.26565,0
1709756760000,0.6119,0.6122,0.6111,0.6111,1334671.8,1709756819999,816343.49727,1071,348309.7,213104.58621,0
1709756820000,0.6112,0.6123,0.6112,0.6120,1249837.5,1709756879999,764648.87932,759,927387.0,567382.76129,0
1709756880000,0.6119,0.6123,0.6115,0.6122,881871.5,1709756939999,539545.56420,639,511918.4,313250.67363,0
1709756940000,0.6123,0.6125,0.6119,0.6124,459693.4,1709756999999,281386.36405,408,223740.6,136966.04049,0
1709757000000,0.6124,0.6127,0.6121,0.6124,475138.0,1709757059999,291008.36860,532,236744.9,145003.02680,0
1709757060000,0.6124,0.6125,0.6114,0.6116,547675.3,1709757119999,335059.69399,513,242307.0,148216.35047,0
1709757120000,0.6116,0.6119,0.6103,0.6108,1309249.2,1709757179999,799817.11199,1295,519440.9,317254.85270,0
1709757180000,0.6107,0.6109,0.6098,0.6101,2487168.5,1709757239999,1517964.85748,1568,875606.1,534477.38239,0
1709757240000,0.6101,0.6103,0.6097,0.6100,1463930.5,1709757299999,893030.88798,912,585617.2,357256.29088,0
1709757300000,0.6099,0.6099,0.6092,0.6093,2172876.7,1709757359999,1324311.97926,1078,1166544.4,710959.34565,0
1709757360000,0.6093,0.6100,0.6089,0.6100,2432124.9,1709757419999,1481798.58383,1661,1130176.7,688729.48738,0
1709757420000,0.6101,0.6105,0.6099,0.6103,1384835.2,1709757479999,845018.30954,1052,712115.7,434551.32341,0
1709757480000,0.6103,0.6104,0.6099,0.6104,920286.6,1709757539999,561585.71533,581,499657.4,304918.21186,0
1709757540000,0.6105,0.6110,0.6103,0.6103,952114.6,1709757599999,581401.82854,682,459014.9,280318.58175,0
1709757600000,0.6103,0.6114,0.6102,0.6110,1003756.5,1709757659999,612899.15706,678,590581.9,360587.74068,0
1709757660000,0.6110,0.6110,0.6104,0.6107,571527.7,1709757719999,349005.98697,438,349411.0,213365.18870,0
1709757720000,0.6107,0.6112,0.6105,0.6108,613819.2,1709757779999,374919.88716,384,305746.3,186758.64990,0
1709757780000,0.6108,0.6115,0.6107,0.6113,414459.1,1709757839999,253274.11085,389,229238.4,140087.02119,0
1709757840000,0.6113,0.6113,0.6109,0.6111,362807.8,1709757899999,221732.68156,268,109080.9,66668.46002,0
1709757900000,0.6110,0.6122,0.6105,0.6121,1155775.3,1709757959999,706839.15697,720,904424.7,553248.82210,0
1709757960000,0.6121,0.6122,0.6115,0.6119,577617.8,1709758019999,353433.60851,486,282749.2,173012.05063,0
1709758020000,0.6119,0.6123,0.6117,0.6119,485985.1,1709758079999,297433.24548,455,268409.5,164276.02314,0
1709758080000,0.6119,0.6120,0.6116,0.6119,328897.1,1709758139999,201211.82469,295,126883.0,77628.61242,0
1709758140000,0.6119,0.6123,0.6118,0.6123,725205.1,1709758199999,443817.34812,232,598659.9,366376.89414,0
1709758200000,0.6123,0.6124,0.6118,0.6124,479659.9,1709758259999,293573.78024,444,216066.5,132252.94499,0
1709758260000,0.6125,0.6128,0.6122,0.6127,617881.3,1709758319999,378385.62708,481,378037.8,231506.37746,0
1709758320000,0.6128,0.6131,0.6124,0.6128,865282.7,1709758379999,530179.82591,916,293950.2,180135.28024,0
1709758380000,0.6128,0.6129,0.6125,0.6127,401372.1,1709758439999,245915.37555,296,156797.1,96078.25214,0
1709758440000,0.6126,0.6127,0.6122,0.6124,489814.7,1709758499999,299970.31600,388,235042.6,143948.56158,0
1709758500000,0.6124,0.6127,0.6120,0.6121,642905.2,1709758559999,393687.39982,452,308989.4,189211.07448,0
1709758560000,0.6121,0.6126,0.6120,0.6126,246615.6,1709758619999,150999.81333,257,175384.3,107383.86596,0
1709758620000,0.6126,0.6127,0.6113,0.6117,1059298.4,1709758679999,648301.34027,949,451136.5,276095.45764,0
1709758680000,0.6118,0.6123,0.6117,0.6123,348202.2,1709758739999,213091.07726,258,248688.1,152184.02800,0
1709758740000,0.6123,0.6123,0.6116,0.6116,472318.4,1709758799999,289092.60618,763,173538.4,106224.52075,0
1709758800000,0.6117,0.6117,0.6107,0.6110,1123854.8,1709758859999,686721.29770,922,414858.8,253480.08485,0
1709758860000,0.6110,0.6114,0.6103,0.6104,765004.7,1709758919999,467285.73596,813,204424.4,124879.08695,0
1709758920000,0.6104,0.6105,0.6101,0.6102,365676.9,1709758979999,223175.55972,538,145999.5,89108.69614,0
1709758980000,0.6103,0.6117,0.6102,0.6109,930501.5,1709759039999,568405.33535,701,695878.7,425027.91802,0
1709759040000,0.6110,0.6123,0.6110,0.6121,588961.9,1709759099999,360252.27411,572,342352.1,209383.10244,0
1709759100000,0.6121,0.6124,0.6116,0.6119,1082794.4,1709759159999,662766.86617,670,666848.4,408228.71452,0
1709759160000,0.6118,0.6120,0.6113,0.6113,867234.8,1709759219999,530458.88558,541,318331.3,194710.57935,0
1709759220000,0.6113,0.6114,0.6103,0.6105,553755.1,1709759279999,338240.69524,598,253700.6,154947.24481,0
1709759280000,0.6105,0.6112,0.6105,0.6110,729949.9,1709759339999,445905.60256,493,273676.1,167175.68060,0
1709759340000,0.6110,0.6115,0.6110,0.6115,322161.6,1709759399999,196910.00428,312,185465.0,113357.59279,0
1709759400000,0.6114,0.6120,0.6114,0.6118,531654.4,1709759459999,325160.25593,460,188977.9,115584.41998,0
1709759460000,0.6119,0.6124,0.6116,0.6122,1111634.6,1709759519999,680429.51794,646,341637.3,209133.59130,0
1709759520000,0.6121,0.6123,0.6120,0.6121,397486.3,1709759579999,243298.05504,386,225933.5,138297.30694,0
1709759580000,0.6122,0.6127,0.6122,0.6124,370044.3,1709759639999,226629.42916,432,220486.6,135027.78758,0
1709759640000,0.6124,0.6124,0.6117,0.6118,463911.1,1709759699999,283926.92939,404,141368.0,86526.88167,0
1709759700000,0.6118,0.6119,0.6111,0.6111,444330.3,1709759759999,271702.23846,577,240942.5,147320.72888,0
1709759760000,0.6112,0.6128,0.6111,0.6127,593480.0,1709759819999,363234.09016,496,375048.6,229610.29960,0
1709759820000,0.6127,0.6130,0.6123,0.6125,459952.5,1709759879999,281778.10224,552,306098.1,187528.58446,0
1709759880000,0.6125,0.6126,0.6120,0.6121,357823.2,1709759939999,219058.25615,409,103965.0,63652.13298,0
1709759940000,0.6121,0.6121,0.6110,0.6116,2181976.0,1709759999999,1333956.25303,770,688811.4,421134.24663,0
1709760000000,0.6115,0.6128,0.6113,0.6122,717905.1,1709760059999,439495.29849,694,442852.0,271085.54670,0
1709760060000,0.6122,0.6137,0.6119,0.6135,1225934.9,1709760119999,751327.23734,1037,834659.5,511380.26678,0
1709760120000,0.6135,0.6141,0.6132,0.6139,730820.1,1709760179999,448529.45568,769,542921.9,333259.98749,0
1709760180000,0.6140,0.6143,0.6139,0.6142,659279.3,1709760239999,404844.98748,569,369443.9,226864.84489,0
1709760240000,0.6142,0.6143,0.6130,0.6135,1351156.9,1709760299999,829271.42699,757,283992.9,174294.75641,0
1709760300000,0.6135,0.6142,0.6134,0.6138,807867.6,1709760359999,495906.18544,498,471602.5,289517.11619,0
1709760360000,0.6137,0.6140,0.6131,0.6138,779913.6,1709760419999,478615.28209,530,347643.7,213312.47892,0
1709760420000,0.6138,0.6139,0.6128,0.6129,823190.2,1709760479999,505002.08975,672,327215.0,200733.27097,0
1709760480000,0.6130,0.6137,0.6128,0.6136,536303.8,1709760539999,328963.49225,446,253867.7,155699.97097,0
1709760540000,0.6136,0.6139,0.6131,0.6133,786516.7,1709760599999,482567.40323,532,625205.4,383614.74921,0
1709760600000,0.6133,0.6138,0.6123,0.6138,944519.3,1709760659999,579104.99298,836,609649.9,373810.16938,0
1709760660000,0.6137,0.6137,0.6121,0.6126,784890.6,1709760719999,481018.24468,779,484040.9,296661.55550,0
1709760720000,0.6127,0.6136,0.6126,0.6136,326705.6,1709760779999,200265.56573,392,144952.0,88870.20838,0
1709760780000,0.6136,0.6144,0.6132,0.6135,1067016.7,1709760839999,654981.34389,1221,551715.5,338629.53480,0
1709760840000,0.6135,0.6142,0.6132,0.6136,558816.3,1709760899999,342914.45307,558,304471.9,186833.52736,0
1709760900000,0.6135,0.6143,0.6132,0.6139,509389.4,1709760959999,312658.21883,591,219589.1,134793.75050,0
1709760960000,0.6139,0.6145,0.6138,0.6142,398859.7,1709761019999,245011.35665,603,177191.0,108841.44113,0
1709761020000,0.6142,0.6145,0.6141,0.6143,441830.1,1709761079999,271393.29537,454,258205.3,158600.22241,0
1709761080000,0.6142,0.6146,0.6142,0.6145,372764.7,1709761139999,229043.00407,329,214887.2,132045.46534,0
1709761140000,0.6144,0.6145,0.6139,0.6143,304901.2,1709761199999,187274.43819,335,151943.4,93328.24354,0
1709761200000,0.6143,0.6145,0.6140,0.6144,310572.3,1709761259999,190762.08638,347,138093.0,84823.81070,0
1709761260000,0.6144,0.6150,0.6136,0.6141,624509.4,1709761319999,383788.06436,726,343804.4,211294.87495,0
1709761320000,0.6141,0.6141,0.6136,0.6137,373170.4,1709761379999,229078.53907,347,211927.5,130095.40541,0
1709761380000,0.6138,0.6140,0.6136,0.6140,309653.8,1709761439999,190060.66219,283,202578.6,124347.05888,0
1709761440000,0.6140,0.6146,0.6139,0.6144,514711.4,1709761499999,316210.02073,350,364239.1,223755.30237,0
1709761500000,0.6144,0.6145,0.6140,0.6141,502109.5,1709761559999,308434.51925,452,248817.9,152851.84583,0
1709761560000,0.6140,0.6153,0.6138,0.6151,1024830.4,1709761619999,629873.81197,696,712965.6,438198.89332,0
1709761620000,0.6151,0.6157,0.6149,0.6157,838550.6,1709761679999,515991.96168,794,461220.1,283804.47724,0
1709761680000,0.6157,0.6160,0.6156,0.6160,637495.9,1709761739999,392613.45677,592,373963.5,230330.60753,0
1709761740000,0.6159,0.6162,0.6155,0.6160,1427405.5,1709761799999,879091.99498,817,808807.4,498160.15330,0
1709761800000,0.6159,0.6167,0.6155,0.6167,1423170.7,1709761859999,876957.38648,1204,778934.2,480057.38066,0
1709761860000,0.6166,0.6167,0.6156,0.6157,1140362.6,1709761919999,702648.35096,825,305184.4,188085.88991,0
1709761920000,0.6157,0.6160,0.6154,0.6160,465220.1,1709761979999,286392.05697,622,214389.4,131985.36130,0
1709761980000,0.6159,0.6161,0.6157,0.6158,806786.0,1709762039999,496907.61944,425,453000.7,279029.56992,0
1709762040000,0.6158,0.6163,0.6157,0.6163,547284.1,1709762099999,337122.79940,399,408815.2,251829.13658,0
1709762100000,0.6162,0.6165,0.6159,0.6165,409729.1,1709762159999,252457.08523,295,218110.6,134394.34570,0
1709762160000,0.6164,0.6167,0.6158,0.6159,2237708.5,1709762219999,1379420.25581,1753,1223763.8,754523.07607,0
1709762220000,0.6158,0.6161,0.6156,0.6160,820127.3,1709762279999,505009.46332,488,171770.8,105783.56642,0
1709762280000,0.6159,0.6162,0.6158,0.6158,491607.0,1709762339999,302824.14178,388,117158.0,72164.51396,0
1709762340000,0.6158,0.6160,0.6152,0.6153,847636.5,1709762399999,521793.99114,615,304563.4,187534.95115,0
1709762400000,0.6152,0.6156,0.6151,0.6154,814874.2,1709762459999,501402.70530,646,459177.5,282552.00996,0
1709762460000,0.6155,0.6155,0.6150,0.6153,451960.4,1709762519999,278089.37240,418,263250.1,161982.87360,0
1709762520000,0.6153,0.6162,0.6153,0.6161,1067384.0,1709762579999,657300.89989,501,733351.7,451617.00546,0
1709762580000,0.6161,0.6165,0.6160,0.6165,930013.2,1709762639999,573101.85583,576,688462.1,424244.74118,0
1709762640000,0.6164,0.6165,0.6157,0.6160,876284.7,1709762699999,539844.31923,488,211858.9,130495.68117,0
1709762700000,0.6159,0.6161,0.6151,0.6155,798860.4,1709762759999,491811.01122,604,325296.6,200287.73268,0
1709762760000,0.6155,0.6162,0.6154,0.6157,584051.9,1709762819999,359631.82481,460,376355.4,231743.53383,0
1709762820000,0.6158,0.6159,0.6153,0.6159,521651.5,1709762879999,321165.43339,418,271344.3,167054.95038,0
1709762880000,0.6159,0.6159,0.6157,0.6158,261138.1,1709762939999,160799.99128,203,72305.1,44526.23218,0
1709762940000,0.6157,0.6158,0.6154,0.6155,600210.8,1709762999999,369483.12476,453,216221.6,133113.83775,0
1709763000000,0.6155,0.6166,0.6152,0.6166,923071.2,1709763059999,568357.19946,568,590095.2,363446.45300,0
1709763060000,0.6166,0.6170,0.6157,0.6167,913948.4,1709763119999,563336.12052,832,449712.8,277198.19351,0
1709763120000,0.6167,0.6170,0.6165,0.6165,550647.2,1709763179999,339640.47928,378,302564.8,186631.22507,0
1709763180000,0.6165,0.6166,0.6161,0.6164,513912.0,1709763239999,316720.70169,311,205497.5,126649.20782,0
1709763240000,0.6165,0.6167,0.6163,0.6165,473873.1,1709763299999,292155.78720,400,285175.4,175824.46202,0
1709763300000,0.6165,0.6165,0.6153,0.6155,1333505.2,1709763359999,821178.64452,708,653013.5,402074.20009,0
1709763360000,0.6154,0.6162,0.6153,0.6160,455075.5,1709763419999,280254.32484,366,240339.0,148001.03113,0
1709763420000,0.6159,0.6164,0.6156,0.6164,472538.0,1709763479999,291032.26460,407,262691.5,161806.37184,0
1709763480000,0.6164,0.6164,0.6157,0.6158,534872.7,1709763539999,329490.61521,411,153865.9,94790.22570,0
1709763540000,0.6158,0.6159,0.6155,0.6157,383525.4,1709763599999,236144.14380,390,294003.8,181026.04076,0
1709763600000,0.6157,0.6158,0.6142,0.6143,845742.8,1709763659999,520055.88128,763,81902.5,50382.67098,0
1709763660000,0.6142,0.6153,0.6142,0.6146,1075866.5,1709763719999,661322.22562,593,737400.9,453234.66857,0
1709763720000,0.6147,0.6149,0.6141,0.6143,799157.9,1709763779999,491116.00750,477,267777.1,164590.02812,0
1709763780000,0.6142,0.6148,0.6142,0.6144,552581.1,1709763839999,339576.15451,458,371334.9,228198.71623,0
1709763840000,0.6144,0.6147,0.6141,0.6141,594527.0,1709763899999,365273.94052,361,212213.2,130386.15341,0
1709763900000,0.6142,0.6143,0.6138,0.6143,1152108.9,1709763959999,707462.28133,700,462944.2,284321.76934,0
1709763960000,0.6144,0.6147,0.6143,0.6146,313876.6,1709764019999,192873.97841,292,202557.7,124470.76719,0
1709764020000,0.6146,0.6159,0.6146,0.6159,978570.3,1709764079999,602347.44232,640,653415.0,402150.52582,0
1709764080000,0.6159,0.6160,0.6156,0.6159,719526.7,1709764139999,443126.51210,428,329351.4,202841.01251,0
1709764140000,0.6158,0.6162,0.6157,0.6161,567466.8,1709764199999,349539.28979,325,243774.0,150158.74966,0
1709764200000,0.6162,0.6163,0.6146,0.6146,685548.9,1709764259999,422045.23922,496,70249.8,43270.68973,0
1709764260000,0.6146,0.6147,0.6123,0.6131,6645536.3,1709764319999,4075183.27483,3023,2051088.7,1257217.43518,0
1709764320000,0.6132,0.6134,0.6122,0.6133,2191837.5,1709764379999,1343300.22536,958,1155726.5,708253.14183,0
1709764380000,0.6134,0.6135,0.6125,0.6130,928531.2,1709764439999,569271.33647,529,450029.9,275925.94821,0
1709764440000,0.6130,0.6130,0.6121,0.6128,714782.7,1709764499999,437773.46680,487,206745.5,126628.56654,0
1709764500000,0.6127,0.6129,0.6126,0.6129,466264.7,1709764559999,285690.27627,311,234648.1,143781.57559,0
1709764560000,0.6128,0.6128,0.6117,0.6120,675337.3,1709764619999,413383.94854,826,109052.3,66742.52728,0
1709764620000,0.6119,0.6130,0.6119,0.6126,1109385.6,1709764679999,679664.30882,679,665537.7,407668.66403,0
1709764680000,0.6126,0.6128,0.6123,0.6124,388423.5,1709764739999,237915.65360,356,130799.0,80116.42602,0
1709764740000,0.6124,0.6126,0.6123,0.6124,222032.8,1709764799999,135989.53074,161,116995.4,71657.59334,0
1709764800000,0.6125,0.6126,0.6116,0.6117,488523.5,1709764859999,299082.54080,473,122533.6,75033.88223,0
1709764860000,0.6117,0.6119,0.6114,0.6116,1059289.5,1709764919999,647931.77341,672,679330.1,415569.50194,0
1709764920000,0.6115,0.6116,0.6106,0.6114,1267919.0,1709764979999,774779.54863,999,591046.9,361159.24296,0
1709764980000,0.6113,0.6117,0.6109,0.6109,666108.4,1709765039999,407231.88065,545,422839.4,258527.48339,0
1709765040000,0.6109,0.6110,0.6104,0.6105,798515.1,1709765099999,487633.09315,1133,323301.3,197450.76360,0
1709765100000,0.6105,0.6108,0.6100,0.6101,1423142.5,1709765159999,868772.71563,1988,661204.8,403749.42011,0
1709765160000,0.6100,0.6103,0.6094,0.6098,1598430.9,1709765219999,974881.25262,1477,857453.5,523014.51595,0
1709765220000,0.6098,0.6109,0.6098,0.6109,858736.6,1709765279999,524156.01108,597,745819.1,455229.64613,0
1709765280000,0.6109,0.6114,0.6109,0.6114,565283.6,1709765339999,345495.31179,705,348734.1,213136.79800,0
1709765340000,0.6114,0.6114,0.6111,0.6114,329608.2,1709765399999,201463.02125,296,89512.8,54718.80745,0
1709765400000,0.6114,0.6115,0.6112,0.6115,302283.8,1709765459999,184802.75743,226,213205.4,130351.02171,0
1709765460000,0.6114,0.6115,0.6110,0.6110,418218.2,1709765519999,255612.58668,346,41906.8,25612.94736,0
1709765520000,0.6111,0.6114,0.6110,0.6113,296641.2,1709765579999,181317.89895,237,168127.7,102760.61179,0
1709765580000,0.6113,0.6113,0.6110,0.6112,593473.4,1709765639999,362704.60064,370,177781.9,108661.19608,0
1709765640000,0.6112,0.6119,0.6111,0.6119,722500.7,1709765699999,441751.12814,429,470606.0,287759.59755,0
1709765700000,0.6119,0.6122,0.6119,0.6119,501651.8,1709765759999,307015.20392,310,265366.5,162407.76863,0
1709765760000,0.6120,0.6120,0.6112,0.6113,618911.2,1709765819999,378601.49092,340,84735.4,51841.84003,0
1709765820000,0.6112,0.6113,0.6106,0.6108,565008.0,1709765879999,345169.10621,458,207905.8,126981.77937,0
1709765880000,0.6109,0.6118,0.6108,0.6113,575395.2,1709765939999,351770.21478,421,280101.1,171217.24958,0
1709765940000,0.6114,0.6114,0.6107,0.6109,420766.4,1709765999999,257110.07413,424,121617.8,74320.04794,0
1709766000000,0.6109,0.6114,0.6107,0.6113,810186.3,1709766059999,495069.26412,764,487655.9,298005.76313,0
1709766060000,0.6112,0.6114,0.6106,0.6107,471746.2,1709766119999,288245.01097,509,171066.8,104518.80688,0
1709766120000,0.6107,0.6109,0.6102,0.6103,929651.9,1709766179999,567514.31858,797,348399.5,212696.30857,0
1709766180000,0.6103,0.6104,0.6094,0.6094,1355299.7,1709766239999,826406.00370,1118,631364.5,384981.97221,0
1709766240000,0.6095,0.6103,0.6095,0.6101,1056277.3,1709766299999,644262.40289,790,562524.0,343100.95155,0
1709766300000,0.6101,0.6105,0.6096,0.6098,449829.7,1709766359999,274410.99447,520,196871.8,120116.70501,0
1709766360000,0.6097,0.6108,0.6097,0.6108,706078.2,1709766419999,430850.06524,525,521587.9,318303.25510,0
1709766420000,0.6108,0.6110,0.6098,0.6100,707239.4,1709766479999,431789.10988,567,253795.7,154931.01910,0
1709766480000,0.6099,0.6111,0.6099,0.6111,543545.8,1709766539999,331808.29478,525,361853.7,220876.88989,0
1709766540000,0.6111,0.6119,0.6111,0.6116,955557.5,1709766599999,584334.65429,797,331038.2,202446.67472,0
1709766600000,0.6116,0.6126,0.6116,0.6122,883353.8,1709766659999,540761.95788,850,439998.9,269345.49337,0
1709766660000,0.6122,0.6127,0.6121,0.6125,1180623.1,1709766719999,723021.11157,1081,677684.6,415045.94066,0
1709766720000,0.6125,0.6132,0.6122,0.6129,945509.6,1709766779999,579299.37392,1174,369891.3,226624.68529,0
1709766780000,0.6130,0.6132,0.6129,0.6132,553059.9,1709766839999,339026.32248,398,151818.1,93070.40538,0
1709766840000,0.6132,0.6134,0.6130,0.6132,369496.2,1709766899999,226551.85007,335,222512.9,136429.30303,0
1709766900000,0.6132,0.6139,0.6131,0.6139,1328110.6,1709766959999,814989.65093,986,813324.5,499102.76580,0
1709766960000,0.6138,0.6149,0.6138,0.6147,715157.3,1709767019999,439472.84911,876,485727.3,298469.64694,0
1709767020000,0.6148,0.6153,0.6146,0.6148,634208.1,1709767079999,390017.84961,1000,278095.6,171015.17532,0
1709767080000,0.6147,0.6150,0.6138,0.6141,682598.6,1709767139999,419393.66983,588,310936.7,191037.51217,0
1709767140000,0.6141,0.6144,0.6139,0.6140,326278.7,1709767199999,200398.06964,594,153051.4,94000.96656,0
1709767200000,0.6140,0.6146,0.6140,0.6145,659652.3,1709767259999,405241.33007,548,442052.0,271565.78156,0
1709767260000,0.6146,0.6148,0.6143,0.6144,409746.4,1709767319999,251798.94653,401,159365.0,97934.98006,0
1709767320000,0.6144,0.6145,0.6136,0.6138,507631.8,1709767379999,311720.14725,463,179835.4,110413.01088,0
1709767380000,0.6139,0.6140,0.6134,0.6136,307835.8,1709767439999,188892.82090,345,175516.4,107695.23196,0
1709767440000,0.6135,0.6136,0.6132,0.6135,676196.0,1709767499999,414762.28759,440,292795.5,179606.68723,0
1709767500000,0.6136,0.6142,0.6134,0.6141,787821.5,1709767559999,483607.41760,552,551760.6,338743.35783,0
1709767560000,0.6141,0.6147,0.6138,0.6142,476973.9,1709767619999,292947.86688,480,198707.4,122047.30569,0
1709767620000,0.6142,0.6147,0.6142,0.6143,378716.1,1709767679999,232710.75151,365,275851.2,169502.81472,0
1709767680000,0.6143,0.6147,0.6142,0.6143,311271.2,1709767739999,191275.52804,272,179042.1,110021.21148,0
1709767740000,0.6142,0.6143,0.6139,0.6139,251060.6,1709767799999,154164.61938,258,137624.2,84508.73479,0
1709767800000,0.6139,0.6141,0.6135,0.6139,412191.0,1709767859999,252982.62550,423,178798.6,109739.22500,0
1709767860000,0.6138,0.6143,0.6137,0.6141,336507.5,1709767919999,206635.91222,323,185839.8,114121.08461,0
1709767920000,0.6141,0.6147,0.6140,0.6145,494718.6,1709767979999,303897.43631,386,290477.8,178417.51328,0
1709767980000,0.6145,0.6145,0.6137,0.6139,309449.9,1709768039999,189996.33791,345,86494.9,53100.20630,0
1709768040000,0.6140,0.6142,0.6136,0.6136,286506.3,1709768099999,175917.56273,305,209443.1,128605.83046,0
1709768100000,0.6136,0.6140,0.6134,0.6136,376460.4,1709768159999,231056.58580,398,224517.4,137797.27014,0
1709768160000,0.6137,0.6139,0.6131,0.6133,239365.6,1709768219999,146842.86167,329,139582.7,85621.27415,0
1709768220000,0.6133,0.6137,0.6131,0.6136,377945.9,1709768279999,231839.87275,418,229253.3,140637.23486,0
1709768280000,0.6136,0.6138,0.6131,0.6131,331470.0,1709768339999,203321.46343,350,207933.1,127548.49622,0
1709768340000,0.6132,0.6134,0.6131,0.6134,221199.1,1709768399999,135659.59115,232,134126.4,82260.00280,0
1709768400000,0.6133,0.6136,0.6131,0.6132,376947.2,1709768459999,231181.09492,463,181915.2,111577.93494,0
1709768460000,0.6131,0.6132,0.6126,0.6128,728487.8,1709768519999,446509.80691,911,424259.8,260055.37270,0
1709768520000,0.6128,0.6129,0.6121,0.6121,703358.7,1709768579999,430792.68770,600,171197.7,104879.25189,0
1709768580000,0.6122,0.6126,0.6118,0.6120,680698.0,1709768639999,416627.85525,669,453007.8,277264.65016,0
1709768640000,0.6121,0.6126,0.6119,0.6126,475777.3,1709768699999,291314.50449,407,224813.9,137643.15570,0
1709768700000,0.6125,0.6131,0.6122,0.6128,495099.7,1709768759999,303279.17384,485,250039.2,153178.30548,0
1709768760000,0.6128,0.6128,0.6123,0.6124,421166.5,1709768819999,258000.52331,438,155468.9,95237.67476,0
1709768820000,0.6124,0.6124,0.6119,0.6121,246831.6,1709768879999,151110.09975,315,138742.2,84942.07673,0
1709768880000,0.6121,0.6124,0.6118,0.6122,423680.7,1709768939999,259324.87064,399,234317.8,143428.22486,0
1709768940000,0.6122,0.6129,0.6122,0.6127,331007.8,1709768999999,202766.51200,270,206554.1,126529.18964,0
1709769000000,0.6128,0.6130,0.6125,0.6126,343125.5,1709769059999,210254.94976,332,168932.0,103519.63834,0
1709769060000,0.6127,0.6130,0.6124,0.6129,606090.0,1709769119999,371356.85088,451,423076.8,259231.54281,0
1709769120000,0.6129,0.6135,0.6126,0.6127,620854.1,1709769179999,380626.15789,472,216253.9,132590.95617,0
1709769180000,0.6127,0.6128,0.6124,0.6125,610338.8,1709769239999,373886.88685,478,237790.8,145669.89338,0
1709769240000,0.6125,0.6130,0.6124,0.6129,220837.3,1709769299999,135286.06472,265,91731.9,56197.37111,0
1709769300000,0.6128,0.6132,0.6125,0.6128,577510.6,1709769359999,353923.43407,452,335726.1,205760.89192,0
1709769360000,0.6127,0.6128,0.6118,0.6121,457139.7,1709769419999,279891.47503,420,136436.2,83516.08308,0
1709769420000,0.6121,0.6131,0.6121,0.6125,332251.1,1709769479999,203576.89264,333,146444.2,89706.78401,0
1709769480000,0.6126,0.6130,0.6126,0.6129,251798.4,1709769539999,154304.90238,235,181292.3,111093.40781,0
1709769540000,0.6129,0.6129,0.6124,0.6128,328897.3,1709769599999,201528.51605,417,199569.9,122287.69602,0
