open_time,open,high,low,close,volume,close_time,quote_volume,count,taker_buy_volume,taker_buy_quote_volume,ignore
1704412800000,0.5869,0.5876,0.5868,0.5873,1080863.0,1704412859999,634718.60745,742,477327.1,280303.57746,0
1704412860000,0.5873,0.5873,0.5869,0.5869,319679.8,1704412919999,187691.02241,408,82696.7,48553.08799,0
1704412920000,0.5870,0.5870,0.5866,0.5866,622188.3,1704412979999,365080.53886,431,292387.6,171571.19421,0
1704412980000,0.5867,0.5867,0.5858,0.5859,541596.4,1704413039999,317449.48973,532,227015.6,133056.30842,0
1704413040000,0.5859,0.5872,0.5856,0.5869,788495.8,1704413099999,462309.57069,510,504098.3,295580.38588,0
1704413100000,0.5869,0.5870,0.5863,0.5864,372302.6,1704413159999,218413.28917,292,105841.4,62084.42618,0
1704413160000,0.5865,0.5868,0.5862,0.5868,480298.9,1704413219999,281734.82875,267,263832.6,154759.95275,0
1704413220000,0.5867,0.5876,0.5867,0.5875,574795.9,1704413279999,337527.35038,489,349269.4,205075.57955,0
1704413280000,0.5875,0.5877,0.5873,0.5874,343609.2,1704413339999,201877.94481,287,122973.7,72251.77063,0
1704413340000,0.5875,0.5875,0.5872,0.5873,183211.0,1704413399999,107604.43627,170,46369.4,27233.99865,0
1704413400000,0.5873,0.5874,0.5870,0.5872,219412.1,1704413459999,128827.21597,133,73060.3,42898.97377,0
1704413460000,0.5872,0.5873,0.5871,0.5871,67331.0,1704413519999,39534.89149,118,7173.9,4212.51413,0
1704413520000,0.5872,0.5874,0.5870,0.5872,240100.5,1704413579999,140988.40831,225,139525.4,81930.91867,0
1704413580000,0.5872,0.5875,0.5872,0.5872,268112.2,1704413639999,157479.23610,205,138031.4,81076.25757,0
1704413640000,0.5873,0.5880,0.5872,0.5880,298100.8,1704413699999,175174.25353,217,253647.9,149058.83929,0
1704413700000,0.5879,0.5881,0.5874,0.5875,398215.7,1704413759999,234062.00896,312,130154.3,76501.48404,0
1704413760000,0.5875,0.5880,0.5875,0.5876,263576.5,1704413819999,154916.80796,228,163521.3,96105.16881,0
1704413820000,0.5876,0.5879,0.5875,0.5878,197619.8,1704413879999,116156.28200,233,69816.6,41033.81171,0
1704413880000,0.5878,0.5884,0.5878,0.5882,499859.8,1704413939999,294021.27279,336,312835.4,184017.48321,0
1704413940000,0.5881,0.5884,0.5880,0.5882,418754.6,1704413999999,246331.24507,323,156721.8,92199.11927,0
1704414000000,0.5881,0.5884,0.5880,0.5883,428799.9,1704414059999,252223.74649,288,187710.2,110416.02164,0
1704414060000,0.5883,0.5884,0.5882,0.5884,170614.6,1704414119999,100374.56814,163,122490.9,72063.59205,0
1704414120000,0.5884,0.5886,0.5882,0.5884,561748.0,1704414179999,330522.59921,400,286328.7,168478.40642,0
1704414180000,0.5884,0.5885,0.5882,0.5884,189216.9,1704414239999,111328.44045,150,112322.8,66088.03492,0
1704414240000,0.5885,0.5885,0.5883,0.5884,147356.1,1704414299999,86700.12796,156,19897.3,11708.06186,0
1704414300000,0.5885,0.5886,0.5883,0.5885,192300.5,1704414359999,113165.57383,166,113932.9,67050.37760,0
1704414360000,0.5885,0.5886,0.5884,0.5884,67116.8,1704414419999,39498.20002,120,17829.5,10492.99758,0
1704414420000,0.5884,0.5885,0.5884,0.5885,49791.2,1704414479999,29302.01925,96,48771.7,28702.14545,0
1704414480000,0.5884,0.5884,0.5874,0.5875,649653.3,1704414539999,381921.78732,476,134006.7,78751.39205,0
1704414540000,0.5876,0.5877,0.5874,0.5876,163136.2,1704414599999,95851.43080,191,87114.9,51186.47745,0
1704414600000,0.5876,0.5877,0.5874,0.5875,200255.3,1704414659999,117655.46933,214,61184.2,35947.60878,0
1704414660000,0.5874,0.5874,0.5852,0.5855,1473387.7,1704414719999,863493.47074,1155,507870.3,297494.19074,0
1704414720000,0.5856,0.5858,0.5846,0.5851,1996105.3,1704414779999,1167887.97862,1159,572957.5,335252.37555,0
1704414780000,0.5851,0.5862,0.5851,0.5859,746733.3,1704414839999,437408.78665,561,451428.5,264404.19874,0
1704414840000,0.5860,0.5863,0.5858,0.5861,383248.8,1704414899999,224583.67282,270,242639.3,142193.85569,0
1704414900000,0.5860,0.5860,0.5844,0.5845,1725495.9,1704414959999,1009168.25100,1103,552669.9,323206.86355,0
1704414960000,0.5846,0.5854,0.5846,0.5851,1022989.2,1704415019999,598414.15340,633,638856.9,373710.41669,0
1704415020000,0.5851,0.5851,0.5838,0.5843,1119243.9,1704415079999,653928.80094,919,406823.5,237710.67454,0
1704415080000,0.5843,0.5844,0.5834,0.5835,905925.0,1704415139999,528796.03680,625,306020.8,178656.56818,0
1704415140000,0.5836,0.5848,0.5833,0.5848,1290352.5,1704415199999,753598.03919,744,825012.1,481889.50365,0
1704415200000,0.5848,0.5851,0.5839,0.5847,963077.1,1704415259999,562989.99911,566,414401.2,242201.27795,0
1704415260000,0.5846,0.5850,0.5843,0.5843,783486.9,1704415319999,458080.90892,583,372683.1,217901.23024,0
1704415320000,0.5844,0.5848,0.5843,0.5847,552741.1,1704415379999,323116.97481,578,428165.2,250291.79226,0
1704415380000,0.5848,0.5851,0.5844,0.5846,556591.7,1704415439999,325486.01774,407,269430.4,157554.22815,0
1704415440000,0.5847,0.5852,0.5847,0.5850,343082.2,1704415499999,200695.92406,332,255096.7,149221.78803,0
1704415500000,0.5849,0.5859,0.5848,0.5856,1574689.3,1704415559999,921751.84728,787,975184.5,570798.92016,0
1704415560000,0.5857,0.5857,0.5853,0.5855,327909.7,1704415619999,191982.70878,230,156440.8,91590.45847,0
1704415620000,0.5855,0.5857,0.5852,0.5855,413916.1,1704415679999,242311.02735,230,229829.8,134547.36927,0
1704415680000,0.5856,0.5858,0.5853,0.5856,490610.9,1704415739999,287251.08095,225,240306.0,140709.45103,0
1704415740000,0.5856,0.5856,0.5853,0.5856,270463.6,1704415799999,158338.37548,180,79946.3,46807.10762,0
1704415800000,0.5856,0.5858,0.5855,0.5858,373170.7,1704415859999,218544.84238,286,217138.1,127166.26536,0
1704415860000,0.5858,0.5862,0.5857,0.5861,651363.2,1704415919999,381704.33864,271,572147.3,335277.50663,0
1704415920000,0.5861,0.5861,0.5856,0.5857,221044.3,1704415979999,129508.88224,169,12384.0,7255.33737,0
1704415980000,0.5857,0.5857,0.5852,0.5852,358322.9,1704416039999,209740.30061,248,168743.4,98770.61682,0
1704416040000,0.5852,0.5854,0.5852,0.5852,165175.4,1704416099999,96674.15478,134,117289.9,68650.03690,0
1704416100000,0.5852,0.5857,0.5852,0.5855,416683.5,1704416159999,243984.10811,232,216006.4,126478.20187,0
1704416160000,0.5855,0.5857,0.5854,0.5857,202936.5,1704416219999,118827.64676,133,161630.4,94642.68267,0
1704416220000,0.5857,0.5857,0.5851,0.5853,352072.8,1704416279999,206084.68226,236,149715.1,87643.80191,0
1704416280000,0.5853,0.5853,0.5849,0.5850,210030.8,1704416339999,122887.76596,156,39780.0,23279.23363,0
1704416340000,0.5849,0.5850,0.5846,0.5847,245084.6,1704416399999,143338.87565,174,52508.4,30711.46474,0
1704416400000,0.5846,0.5850,0.5846,0.5849,299745.0,1704416459999,175294.68419,392,225781.6,132041.94888,0
1704416460000,0.5850,0.5850,0.5846,0.5849,318764.7,1704416519999,186413.50721,251,98076.2,57353.29776,0
1704416520000,0.5849,0.5849,0.5842,0.5845,440470.2,1704416579999,257454.14445,417,214458.1,125336.41670,0
1704416580000,0.5846,0.5848,0.5844,0.5844,254468.8,1704416639999,148771.42610,174,131800.5,77057.79647,0
1704416640000,0.5844,0.5846,0.5843,0.5845,193963.2,1704416699999,113361.61563,152,149773.4,87536.31617,0
1704416700000,0.5845,0.5847,0.5844,0.5847,76142.6,1704416759999,44513.07570,80,68061.7,39789.31920,0
1704416760000,0.5847,0.5847,0.5838,0.5841,928357.4,1704416819999,542341.14003,630,624428.9,364781.63646,0
1704416820000,0.5841,0.5843,0.5835,0.5836,534714.7,1704416879999,312193.48550,340,181600.2,106034.86408,0
1704416880000,0.5837,0.5837,0.5825,0.5831,1087003.5,1704416939999,633722.55626,1001,278606.8,162414.11332,0
1704416940000,0.5831,0.5836,0.5825,0.5834,916034.1,1704416999999,533956.98389,524,473665.4,276136.15890,0
1704417000000,0.5835,0.5836,0.5825,0.5826,517528.5,1704417059999,301771.32287,394,185613.8,108231.69509,0
1704417060000,0.5827,0.5836,0.5826,0.5832,751516.6,1704417119999,438249.07273,364,417156.2,243230.66719,0
1704417120000,0.5833,0.5835,0.5825,0.5827,880632.1,1704417179999,513306.77799,439,297790.7,173604.64787,0
1704417180000,0.5828,0.5828,0.5820,0.5820,579916.2,1704417239999,337722.54975,600,293696.3,171046.65484,0
1704417240000,0.5821,0.5827,0.5819,0.5827,893037.0,1704417299999,519917.38657,510,529879.1,308535.09110,0
1704417300000,0.5827,0.5827,0.5816,0.5817,523309.6,1704417359999,304541.93351,548,218149.9,126947.18131,0
1704417360000,0.5817,0.5823,0.5810,0.5811,1238266.5,1704417419999,720091.07499,969,422738.2,245843.76840,0
1704417420000,0.5812,0.5818,0.5798,0.5811,5844317.4,1704417479999,3393552.25498,3820,2969695.4,1724637.94357,0
1704417480000,0.5810,0.5816,0.5777,0.5800,11541420.8,1704417539999,6693231.89036,7864,5290776.1,3070117.37093,0
1704417540000,0.5801,0.5818,0.5798,0.5816,1583727.2,1704417599999,919837.43976,1041,863087.2,501266.85825,0
1704417600000,0.5816,0.5820,0.5809,0.5814,1011719.8,1704417659999,588317.61230,736,387235.6,225153.40480,0
1704417660000,0.5815,0.5822,0.5814,0.5820,609845.2,1704417719999,354823.44065,482,373608.9,217355.90437,0
1704417720000,0.5820,0.5827,0.5816,0.5817,791434.7,1704417779999,460622.28635,651,375971.4,218795.59880,0
1704417780000,0.5817,0.5818,0.5812,0.5817,551714.8,1704417839999,320836.48003,453,259285.4,150782.18386,0
1704417840000,0.5817,0.5822,0.5817,0.5820,521436.3,1704417899999,303439.03232,397,218806.4,127328.33685,0
1704417900000,0.5820,0.5820,0.5812,0.5813,329347.0,1704417959999,191530.91850,342,149002.0,86654.47855,0
1704417960000,0.5814,0.5818,0.5813,0.5814,326533.1,1704418019999,189908.41396,279,167975.3,97695.22285,0
1704418020000,0.5815,0.5815,0.5807,0.5810,722530.7,1704418079999,419830.42598,525,292369.6,169869.37229,0
1704418080000,0.5811,0.5812,0.5802,0.5804,366167.7,1704418139999,212627.15413,360,168458.4,97820.50628,0
1704418140000,0.5805,0.5822,0.5804,0.5820,1891805.4,1704418199999,1099974.11861,882,1509427.8,877580.59451,0
1704418200000,0.5821,0.5826,0.5816,0.5826,1665849.2,1704418259999,969788.26259,761,1124767.9,654795.67853,0
1704418260000,0.5826,0.5828,0.5824,0.5827,375077.4,1704418319999,218507.91892,321,262089.2,152683.86364,0
1704418320000,0.5827,0.5827,0.5820,0.5820,195249.2,1704418379999,113701.89607,252,87727.8,51086.52095,0
1704418380000,0.5820,0.5821,0.5810,0.5819,844772.9,1704418439999,491254.67058,566,420618.8,244575.52427,0
1704418440000,0.5820,0.5825,0.5818,0.5824,391049.1,1704418499999,227648.97813,292,254856.1,148346.79957,0
1704418500000,0.5825,0.5826,0.5823,0.5825,327628.7,1704418559999,190833.02363,266,179362.0,104475.66607,0
1704418560000,0.5825,0.5825,0.5819,0.5821,425501.5,1704418619999,247727.86154,369,195522.6,113822.42126,0
1704418620000,0.5821,0.5824,0.5821,0.5824,355495.4,1704418679999,206980.36004,313,230910.1,134445.81136,0
1704418680000,0.5824,0.5825,0.5820,0.5823,303429.8,1704418739999,176669.82306,301,184759.2,107577.14303,0
1704418740000,0.5823,0.5823,0.5817,0.5821,513051.2,1704418799999,298561.46183,297,138812.3,80782.49086,0
1704418800000,0.5821,0.5821,0.5814,0.5815,233328.5,1704418859999,135753.59569,247,41155.0,23942.30540,0
1704418860000,0.5814,0.5815,0.5806,0.5813,1124039.4,1704418919999,653132.99287,594,225960.4,131310.47713,0
1704418920000,0.5814,0.5818,0.5814,0.5814,554978.3,1704418979999,322758.95092,365,384727.2,223745.32269,0
1704418980000,0.5815,0.5817,0.5812,0.5812,215877.2,1704419039999,125551.20945,211,114742.2,66737.67995,0
1704419040000,0.5813,0.5814,0.5811,0.5811,140523.3,1704419099999,81676.58470,131,53771.7,31256.03243,0
1704419100000,0.5812,0.5812,0.5795,0.5795,1086442.5,1704419159999,630451.23566,675,146910.7,85285.83645,0
1704419160000,0.5795,0.5806,0.5795,0.5805,851378.8,1704419219999,493955.29904,583,613540.9,355971.53989,0
1704419220000,0.5806,0.5806,0.5786,0.5792,3269720.6,1704419279999,1893783.73039,1731,1613420.1,934442.04407,0
1704419280000,0.5792,0.5792,0.5588,0.5602,22861199.6,1704419339999,13059619.65649,18602,7174754.2,4103131.63781,0
1704419340000,0.5602,0.5703,0.5479,0.5682,31774468.7,1704419399999,17876079.95047,26535,14548695.4,8208854.69661,0
1704419400000,0.5683,0.5700,0.5649,0.5679,10793838.9,1704419459999,6131078.11491,8442,5122765.1,2910136.33571,0
1704419460000,0.5679,0.5690,0.5674,0.5675,3754819.7,1704419519999,2133817.80533,2994,1732431.0,984633.75554,0
1704419520000,0.5675,0.5697,0.5623,0.5688,11376064.0,1704419579999,6447948.05852,8884,5723855.0,3243504.86269,0
1704419580000,0.5688,0.5710,0.5687,0.5707,4590935.3,1704419639999,2615223.28462,3793,2167578.0,1234885.77669,0
1704419640000,0.5708,0.5726,0.5702,0.5723,4452786.3,1704419699999,2544576.85857,2894,2053535.9,1173709.05040,0
1704419700000,0.5723,0.5727,0.5710,0.5725,3576770.5,1704419759999,2044696.43832,2306,1664286.2,951560.00792,0
1704419760000,0.5725,0.5730,0.5721,0.5728,2036065.8,1704419819999,1165781.58070,1767,976377.3,559055.53453,0
1704419820000,0.5728,0.5730,0.5717,0.5728,2150551.5,1704419879999,1230882.57389,1540,790673.2,452555.72834,0
1704419880000,0.5728,0.5728,0.5707,0.5710,1439724.7,1704419939999,823049.32339,1116,435013.2,248775.95951,0
1704419940000,0.5710,0.5725,0.5708,0.5721,1563920.3,1704419999999,894244.58760,1080,907253.9,518716.32819,0
1704420000000,0.5721,0.5755,0.5713,0.5751,7926181.8,1704420059999,4548605.13309,5966,3771342.0,2163820.05147,0
1704420060000,0.5750,0.5753,0.5740,0.5747,4050540.8,1704420119999,2327616.40360,3429,1972558.6,1133521.86130,0
1704420120000,0.5748,0.5764,0.5745,0.5762,2529646.0,1704420179999,1456112.98685,2283,1277382.3,735319.95281,0
1704420180000,0.5762,0.5766,0.5756,0.5763,1360774.4,1704420239999,783903.88566,1295,814405.2,469198.28520,0
1704420240000,0.5762,0.5763,0.5744,0.5748,1332079.0,1704420299999,766292.55630,1166,654382.7,376517.07781,0
1704420300000,0.5747,0.5756,0.5744,0.5751,1183569.4,1704420359999,680747.06362,943,584987.1,336493.26530,0
1704420360000,0.5751,0.5764,0.5737,0.5763,3842912.3,1704420419999,2209607.59258,2107,1492911.1,858835.66603,0
1704420420000,0.5764,0.5765,0.5753,0.5754,570687.8,1704420479999,328645.05125,547,254559.3,146599.59392,0
1704420480000,0.5755,0.5757,0.5748,0.5748,1183869.3,1704420539999,680828.26626,624,539622.2,310351.46372,0
1704420540000,0.5748,0.5750,0.5740,0.5741,1129594.9,1704420599999,649058.81517,817,564702.1,324550.86756,0
1704420600000,0.5742,0.5742,0.5723,0.5724,1868648.4,1704420659999,1071124.58403,1417,818604.3,469152.11795,0
1704420660000,0.5724,0.5741,0.5724,0.5735,1928679.9,1704420719999,1106191.04448,1329,977141.2,560330.34898,0
1704420720000,0.5736,0.5747,0.5733,0.5746,704360.6,1704420779999,404191.46826,689,446474.7,256197.50731,0
1704420780000,0.5747,0.5752,0.5740,0.5752,1167514.3,1704420839999,670833.68272,1089,470244.7,270195.29777,0
1704420840000,0.5752,0.5755,0.5749,0.5751,672348.9,1704420899999,386755.42045,637,446483.9,256830.85833,0
1704420900000,0.5752,0.5755,0.5736,0.5737,1279607.9,1704420959999,735513.84492,820,403188.1,231724.51872,0
1704420960000,0.5736,0.5742,0.5725,0.5725,1384503.9,1704421019999,793908.12771,1071,423567.8,242969.73065,0
1704421020000,0.5725,0.5740,0.5724,0.5740,837263.9,1704421079999,479917.22692,673,580176.7,332538.45657,0
1704421080000,0.5740,0.5741,0.5733,0.5736,546812.6,1704421139999,313659.00575,466,246164.8,141194.45896,0
1704421140000,0.5736,0.5739,0.5731,0.5733,413380.7,1704421199999,237054.06953,341,197452.8,113224.40187,0
1704421200000,0.5733,0.5736,0.5729,0.5735,533606.9,1704421259999,305865.10515,528,257964.1,147863.94127,0
1704421260000,0.5736,0.5737,0.5731,0.5732,296408.5,1704421319999,169981.03919,333,183057.2,104984.86936,0
1704421320000,0.5732,0.5734,0.5730,0.5731,547186.8,1704421379999,313653.23078,371,349226.5,200188.91363,0
1704421380000,0.5731,0.5731,0.5714,0.5715,1309581.7,1704421439999,749361.04734,1098,583212.4,333782.26635,0
1704421440000,0.5716,0.5721,0.5712,0.5715,993760.3,1704421499999,568121.40587,677,602357.6,344401.70467,0
1704421500000,0.5715,0.5723,0.5713,0.5723,901450.5,1704421559999,515389.75819,646,542188.3,310018.34546,0
1704421560000,0.5722,0.5728,0.5719,0.5723,787381.1,1704421619999,450703.59467,662,383506.8,219537.78484,0
1704421620000,0.5724,0.5726,0.5720,0.5725,432722.1,1704421679999,247657.13604,388,276546.0,158266.72634,0
1704421680000,0.5724,0.5724,0.5714,0.5715,503133.1,1704421739999,287714.93614,468,325776.6,186291.99725,0
1704421740000,0.5715,0.5717,0.5709,0.5710,597073.9,1704421799999,341124.12931,597,334538.9,191156.65293,0
1704421800000,0.5710,0.5716,0.5710,0.5715,748367.7,1704421859999,427562.80386,613,503287.2,287550.51940,0
1704421860000,0.5716,0.5736,0.5715,0.5730,1538911.2,1704421919999,881385.53654,922,1019101.9,583491.31379,0
1704421920000,0.5730,0.5733,0.5724,0.5732,834807.0,1704421979999,478298.73484,552,433288.3,248277.62915,0
1704421980000,0.5732,0.5737,0.5729,0.5737,815553.7,1704422039999,467502.19313,542,569596.1,326524.90109,0
1704422040000,0.5738,0.5742,0.5736,0.5741,588140.8,1704422099999,337464.28395,506,340251.1,195224.40310,0
1704422100000,0.5741,0.5745,0.5733,0.5737,703222.6,1704422159999,403642.83373,603,219164.7,125781.21837,0
1704422160000,0.5736,0.5741,0.5733,0.5740,328181.3,1704422219999,188292.91386,338,224979.3,129077.31042,0
1704422220000,0.5740,0.5744,0.5739,0.5743,387418.6,1704422279999,222440.08824,368,124466.1,71465.32552,0
1704422280000,0.5743,0.5751,0.5743,0.5749,1247302.6,1704422339999,716859.44371,802,715278.2,411146.42153,0
1704422340000,0.5750,0.5750,0.5743,0.5744,245375.0,1704422399999,141002.60080,336,84981.8,48836.76924,0
1704422400000,0.5744,0.5757,0.5743,0.5756,898805.0,1704422459999,516789.02356,858,406666.5,233808.52512,0
1704422460000,0.5757,0.5757,0.5749,0.5752,876381.0,1704422519999,504201.05818,421,177102.2,101869.81587,0
1704422520000,0.5752,0.5754,0.5748,0.5753,242218.7,1704422579999,139279.93408,250,103342.5,59426.79431,0
1704422580000,0.5753,0.5753,0.5747,0.5749,625836.3,1704422639999,359838.83736,290,130683.3,75124.62787,0
1704422640000,0.5749,0.5753,0.5747,0.5751,382124.0,1704422699999,219722.20070,302,285426.2,164128.43899,0
1704422700000,0.5751,0.5751,0.5746,0.5749,307318.1,1704422759999,176663.28555,290,128280.0,73735.22571,0
1704422760000,0.5749,0.5750,0.5745,0.5747,397173.1,1704422819999,228261.91217,353,115011.6,66109.23666,0
1704422820000,0.5747,0.5751,0.5747,0.5751,195085.3,1704422879999,112162.89959,207,123908.7,71239.81680,0
1704422880000,0.5750,0.5752,0.5750,0.5750,223006.5,1704422939999,128237.51943,190,81318.7,46765.82473,0
1704422940000,0.5749,0.5751,0.5747,0.5751,191072.6,1704422999999,109854.34038,208,122082.4,70190.63084,0
1704423000000,0.5750,0.5751,0.5744,0.5744,217042.2,1704423059999,124750.67332,219,44081.5,25338.55623,0
1704423060000,0.5745,0.5751,0.5744,0.5749,472619.6,1704423119999,271648.09266,283,306484.7,176143.27387,0
1704423120000,0.5750,0.5752,0.5747,0.5751,307325.2,1704423179999,176682.47141,217,185405.0,106593.38805,0
1704423180000,0.5752,0.5757,0.5750,0.5754,752227.5,1704423239999,432770.73205,341,376450.6,216583.93272,0
1704423240000,0.5754,0.5755,0.5746,0.5746,971620.4,1704423299999,558657.99052,441,113825.9,65472.84345,0
1704423300000,0.5747,0.5747,0.5733,0.5735,1120682.3,1704423359999,643018.61544,703,342484.3,196466.39148,0
1704423360000,0.5735,0.5742,0.5734,0.5741,668419.1,1704423419999,383580.26589,455,526242.6,301989.11001,0
1704423420000,0.5741,0.5743,0.5738,0.5740,258171.8,1704423479999,148198.12045,248,108667.4,62377.13033,0
1704423480000,0.5739,0.5744,0.5738,0.5741,268499.2,1704423539999,154151.47427,221,183897.0,105569.01704,0
1704423540000,0.5742,0.5747,0.5742,0.5743,505594.1,1704423599999,290450.83954,339,395742.0,227338.10499,0
1704423600000,0.5744,0.5745,0.5741,0.5744,258680.7,1704423659999,148562.56449,378,136012.6,78112.86315,0
1704423660000,0.5743,0.5756,0.5743,0.5755,784968.7,1704423719999,451418.21750,495,616351.2,354422.44047,0
1704423720000,0.5755,0.5767,0.5755,0.5765,1054460.6,1704423779999,607714.63775,882,642878.3,370462.03747,0
1704423780000,0.5764,0.5770,0.5762,0.5770,938063.7,1704423839999,540921.79158,808,458476.3,264368.48701,0
1704423840000,0.5770,0.5772,0.5761,0.5762,850435.7,1704423899999,490397.64851,1128,344979.5,198913.54884,0
1704423900000,0.5762,0.5762,0.5750,0.5755,1732282.1,1704423959999,996930.81822,1000,816745.6,470104.85862,0
1704423960000,0.5754,0.5754,0.5748,0.5752,372174.0,1704424019999,214037.65619,336,201406.3,115821.13142,0
1704424020000,0.5752,0.5754,0.5747,0.5748,377588.6,1704424079999,217092.58226,262,185737.7,106798.30285,0
1704424080000,0.5748,0.5751,0.5748,0.5749,156165.3,1704424139999,89798.84107,164,102203.6,58770.43110,0
1704424140000,0.5749,0.5749,0.5741,0.5744,411803.1,1704424199999,236595.02676,385,151581.3,87082.55226,0
1704424200000,0.5743,0.5751,0.5740,0.5751,512970.6,1704424259999,294717.02038,396,253264.2,145523.08578,0
1704424260000,0.5751,0.5755,0.5750,0.5754,466234.2,1704424319999,268202.71857,364,260269.2,149710.40877,0
1704424320000,0.5753,0.5757,0.5753,0.5755,84495.2,1704424379999,48632.53911,134,49996.3,28775.77652,0
1704424380000,0.5756,0.5756,0.5752,0.5753,271353.9,1704424439999,156139.76145,229,93478.6,53792.88812,0
1704424440000,0.5754,0.5756,0.5753,0.5756,184315.7,1704424499999,106078.32828,136,100521.3,57852.09024,0
1704424500000,0.5756,0.5757,0.5754,0.5755,172993.5,1704424559999,99565.70982,188,66824.9,38462.92252,0
1704424560000,0.5754,0.5756,0.5753,0.5756,114013.4,1704424619999,65613.11039,164,90564.3,52120.39804,0
1704424620000,0.5756,0.5762,0.5755,0.5760,426674.1,1704424679999,245727.15835,278,286870.4,165210.41040,0
1704424680000,0.5761,0.5762,0.5759,0.5760,244093.4,1704424739999,140603.31352,163,173310.0,99833.01459,0
1704424740000,0.5760,0.5764,0.5758,0.5758,382649.8,1704424799999,220405.08793,263,137712.6,79320.49689,0
1704424800000,0.5757,0.5759,0.5755,0.5755,340776.8,1704424859999,196189.22681,262,119079.6,68558.14286,0
1704424860000,0.5756,0.5760,0.5756,0.5759,209193.5,1704424919999,120458.45383,250,103810.6,59777.75065,0
1704424920000,0.5759,0.5765,0.5758,0.5763,236916.4,1704424979999,136522.93073,219,151922.3,87538.27478,0
1704424980000,0.5762,0.5765,0.5760,0.5763,207228.8,1704425039999,119408.83264,215,92065.2,53046.93613,0
1704425040000,0.5764,0.5767,0.5762,0.5766,445784.8,1704425099999,256978.54750,245,289015.9,166600.03825,0
1704425100000,0.5765,0.5766,0.5764,0.5764,92138.5,1704425159999,53117.37183,104,46296.8,26690.90645,0
1704425160000,0.5764,0.5773,0.5764,0.5772,368818.8,1704425219999,212791.50460,502,225266.7,129941.39781,0
1704425220000,0.5772,0.5774,0.5771,0.5772,294268.3,1704425279999,169858.28195,302,93957.4,54235.42039,0
1704425280000,0.5771,0.5774,0.5771,0.5772,434921.8,1704425339999,251044.63441,290,202219.8,116725.33946,0
1704425340000,0.5772,0.5774,0.5771,0.5771,121023.0,1704425399999,69864.19649,166,62387.6,36016.45307,0
1704425400000,0.5771,0.5774,0.5769,0.5770,278043.1,1704425459999,160466.37114,278,119907.3,69208.78835,0
1704425460000,0.5769,0.5770,0.5761,0.5764,818413.9,1704425519999,471779.33965,446,194134.6,111892.50572,0
1704425520000,0.5763,0.5767,0.5761,0.5762,268372.1,1704425579999,154673.79774,330,146207.5,84262.81814,0
1704425580000,0.5762,0.5763,0.5760,0.5760,363179.1,1704425639999,209247.28830,297,180136.7,103791.53184,0
1704425640000,0.5760,0.5762,0.5759,0.5760,143928.5,1704425699999,82906.60643,170,50120.0,28871.40279,0
1704425700000,0.5760,0.5767,0.5760,0.5766,424923.9,1704425759999,244906.79930,364,259993.6,149837.22678,0
1704425760000,0.5765,0.5766,0.5762,0.5763,170127.9,1704425819999,98063.72401,187,76798.7,44268.06839,0
1704425820000,0.5763,0.5764,0.5761,0.5763,114133.1,1704425879999,65768.95909,182,71630.5,41275.99756,0
1704425880000,0.5763,0.5763,0.5755,0.5756,218619.5,1704425939999,125912.90320,189,18004.6,10366.13075,0
1704425940000,0.5755,0.5757,0.5754,0.5756,290639.4,1704425999999,167282.08403,252,166393.4,95775.02777,0
1704426000000,0.5756,0.5758,0.5753,0.5757,256727.6,1704426059999,147762.26933,288,163515.1,94114.17409,0
1704426060000,0.5757,0.5759,0.5754,0.5755,173658.3,1704426119999,99964.94508,195,64880.7,37351.56380,0
1704426120000,0.5755,0.5756,0.5749,0.5751,185758.5,1704426179999,106825.93619,270,70071.5,40293.67408,0
1704426180000,0.5751,0.5751,0.5746,0.5749,200246.1,1704426239999,115108.80481,300,90625.6,52090.71424,0
1704426240000,0.5748,0.5751,0.5748,0.5749,117412.0,1704426299999,67507.61563,156,67654.2,38901.54370,0
1704426300000,0.5750,0.5752,0.5746,0.5746,522047.0,1704426359999,300152.85729,275,47820.5,27497.54113,0
1704426360000,0.5746,0.5753,0.5745,0.5753,275901.4,1704426419999,158572.45904,313,199085.0,114434.06726,0
1704426420000,0.5753,0.5758,0.5752,0.5755,559210.0,1704426479999,321859.37581,421,350639.0,201817.93622,0
1704426480000,0.5755,0.5755,0.5748,0.5748,206607.9,1704426539999,118838.68672,210,35706.3,20535.18971,0
1704426540000,0.5748,0.5750,0.5745,0.5748,503854.2,1704426599999,289605.32093,357,151698.2,87187.83447,0
1704426600000,0.5748,0.5753,0.5747,0.5752,377716.9,1704426659999,217145.40003,309,210547.2,121052.41702,0
1704426660000,0.5752,0.5761,0.5752,0.5758,661579.9,1704426719999,380994.06032,414,542352.8,312333.41470,0
1704426720000,0.5758,0.5761,0.5756,0.5759,252633.1,1704426779999,145474.26875,229,81298.7,46816.40963,0
1704426780000,0.5759,0.5765,0.5759,0.5764,448840.4,1704426839999,258627.35844,338,304474.8,175441.13507,0
1704426840000,0.5765,0.5770,0.5763,0.5763,428194.8,1704426899999,246951.24127,402,218122.6,125797.92220,0
1704426900000,0.5763,0.5766,0.5760,0.5762,274924.4,1704426959999,158445.38567,279,116584.5,67195.95219,0
1704426960000,0.5762,0.5763,0.5759,0.5759,72253.9,1704427019999,41627.85050,107,19331.4,11140.48818,0
1704427020000,0.5760,0.5763,0.5759,0.5760,152601.0,1704427079999,87914.18286,161,73872.2,42555.71714,0
1704427080000,0.5761,0.5762,0.5759,0.5761,115007.1,1704427139999,66251.10179,127,23835.2,13730.49643,0
1704427140000,0.5761,0.5764,0.5759,0.5761,474423.4,1704427199999,273348.38256,261,317288.0,182822.92191,0
1704427200000,0.5760,0.5766,0.5758,0.5765,682688.1,1704427259999,393454.40686,560,494587.3,285044.34758,0
1704427260000,0.5764,0.5768,0.5764,0.5765,332859.8,1704427319999,191909.96368,313,108121.4,62339.63748,0
1704427320000,0.5765,0.5765,0.5762,0.5763,488996.2,1704427379999,281849.22894,260,109674.2,63219.42040,0
1704427380000,0.5763,0.5764,0.5758,0.5760,392909.1,1704427439999,226358.78219,327,96608.8,55652.18450,0
1704427440000,0.5760,0.5761,0.5756,0.5759,452689.6,1704427499999,260687.91209,404,160724.0,92558.05424,0
1704427500000,0.5759,0.5762,0.5755,0.5756,342927.2,1704427559999,197494.04387,296,122117.8,70329.57280,0
1704427560000,0.5756,0.5757,0.5750,0.5751,454939.5,1704427619999,261765.76504,315,117195.6,67442.01026,0
1704427620000,0.5751,0.5755,0.5748,0.5750,441577.1,1704427679999,253990.45440,316,175471.4,100946.27866,0
1704427680000,0.5749,0.5751,0.5746,0.5748,593697.1,1704427739999,341276.75564,389,185423.6,106599.18022,0
1704427740000,0.5747,0.5750,0.5744,0.5747,480374.2,1704427799999,276060.55012,368,223573.0,128496.79008,0
1704427800000,0.5747,0.5754,0.5747,0.5752,459259.2,1704427859999,264108.61770,411,288103.1,165673.55544,0
1704427860000,0.5753,0.5754,0.5746,0.5746,341501.9,1704427919999,196342.15981,300,162220.9,93265.59341,0
1704427920000,0.5746,0.5748,0.5742,0.5746,743684.7,1704427979999,427222.22392,475,239555.4,137640.24764,0
1704427980000,0.5747,0.5748,0.5738,0.5742,873333.0,1704428039999,501313.05997,583,336951.8,193438.88687,0
1704428040000,0.5741,0.5752,0.5740,0.5749,554133.1,1704428099999,318405.86739,446,402009.3,231000.84386,0
1704428100000,0.5748,0.5751,0.5742,0.5745,1203231.2,1704428159999,691447.19809,598,543806.3,312592.45935,0
1704428160000,0.5744,0.5744,0.5732,0.5738,1182872.9,1704428219999,678498.14518,778,571729.1,327943.65795,0
1704428220000,0.5738,0.5747,0.5733,0.5744,1275096.0,1704428279999,731884.17347,744,893575.6,512888.29891,0
1704428280000,0.5745,0.5748,0.5736,0.5738,444652.1,1704428339999,255325.86087,387,207047.1,118922.94520,0
1704428340000,0.5737,0.5743,0.5737,0.5740,263628.0,1704428399999,151330.20341,251,130237.3,74764.35410,0
1704428400000,0.5740,0.5746,0.5733,0.5746,1899790.0,1704428459999,1090464.56647,1135,1141081.7,654930.35347,0
1704428460000,0.5747,0.5748,0.5742,0.5744,440488.2,1704428519999,253074.02892,388,230829.7,132614.76907,0
1704428520000,0.5743,0.5745,0.5738,0.5740,405730.0,1704428579999,232990.21140,360,215788.4,123916.26505,0
1704428580000,0.5741,0.5754,0.5737,0.5750,1424673.4,1704428639999,818858.49510,962,978356.0,562329.46052,0
1704428640000,0.5749,0.5749,0.5740,0.5741,323718.9,1704428699999,185936.67758,276,210910.7,121135.91355,0
1704428700000,0.5742,0.5752,0.5742,0.5750,300958.7,1704428759999,172981.12278,329,174533.8,100305.51889,0
1704428760000,0.5750,0.5761,0.5750,0.5759,678860.0,1704428819999,390840.27375,625,349357.3,201129.81975,0
1704428820000,0.5759,0.5759,0.5756,0.5758,327705.2,1704428879999,188678.47213,241,141988.7,81751.12330,0
1704428880000,0.5759,0.5759,0.5745,0.5749,1631803.0,1704428939999,938195.94388,902,479650.5,275737.66699,0
1704428940000,0.5750,0.5751,0.5746,0.5749,359463.3,1704428999999,206642.93057,219,87279.4,50180.06924,0
1704429000000,0.5750,0.5759,0.5749,0.5750,1045903.3,1704429059999,601977.16400,709,657628.1,378529.23576,0
1704429060000,0.5751,0.5752,0.5746,0.5747,633993.7,1704429119999,364530.78586,316,395107.6,227187.60706,0
1704429120000,0.5747,0.5755,0.5738,0.5754,992706.6,1704429179999,570245.18430,742,436540.8,250824.82187,0
1704429180000,0.5753,0.5755,0.5746,0.5752,662269.2,1704429239999,380798.16548,475,265179.2,152475.32678,0
1704429240000,0.5751,0.5755,0.5750,0.5753,295791.1,1704429299999,170192.83499,240,130645.3,75172.95037,0
1704429300000,0.5752,0.5758,0.5749,0.5753,411081.5,1704429359999,236500.81506,327,125580.4,72260.17596,0
1704429360000,0.5753,0.5757,0.5753,0.5755,177765.7,1704429419999,102306.04929,192,116804.4,67222.45615,0
1704429420000,0.5756,0.5758,0.5755,0.5757,245078.2,1704429479999,141069.61445,224,138134.1,79513.05926,0
1704429480000,0.5757,0.5758,0.5755,0.5757,239960.6,1704429539999,138137.63627,251,132450.9,76247.58906,0
1704429540000,0.5758,0.5758,0.5756,0.5757,148234.4,1704429599999,85337.02661,157,92451.8,53225.03607,0
1704429600000,0.5758,0.5763,0.5757,0.5762,212921.2,1704429659999,122656.39307,302,130187.4,74994.50235,0
1704429660000,0.5763,0.5763,0.5758,0.5760,238437.3,1704429719999,137343.59841,233,85867.5,49466.85920,0
1704429720000,0.5760,0.5766,0.5759,0.5766,266528.3,1704429779999,153608.76910,323,217186.9,125166.68046,0
1704429780000,0.5767,0.5773,0.5766,0.5770,453493.6,1704429839999,261647.08563,478,212596.5,122662.42139,0
1704429840000,0.5770,0.5772,0.5767,0.5769,247110.3,1704429899999,142568.55054,263,110480.1,63743.82391,0
1704429900000,0.5770,0.5770,0.5766,0.5767,218926.0,1704429959999,126280.98081,280,55036.1,31748.50434,0
1704429960000,0.5767,0.5773,0.5767,0.5772,240337.3,1704430019999,138665.98591,314,98470.4,56822.44699,0
1704430020000,0.5771,0.5772,0.5770,0.5771,125647.2,1704430079999,72512.40491,153,47336.4,27319.63439,0
1704430080000,0.5771,0.5774,0.5771,0.5773,290502.6,1704430139999,167684.83274,318,124590.3,71921.16398,0
1704430140000,0.5773,0.5773,0.5771,0.5772,160115.4,1704430199999,92420.53989,190,48121.2,27776.45165,0
1704430200000,0.5772,0.5773,0.5767,0.5768,410459.6,1704430259999,236850.45834,242,48839.2,28179.94909,0
1704430260000,0.5768,0.5768,0.5763,0.5763,497826.0,1704430319999,286993.46017,431,155757.3,89798.53007,0
1704430320000,0.5764,0.5765,0.5760,0.5765,416487.2,1704430379999,239991.03611,413,191050.0,110097.83282,0
1704430380000,0.5766,0.5768,0.5763,0.5764,457003.3,1704430439999,263521.71774,177,247797.8,142911.85801,0
1704430440000,0.5764,0.5767,0.5763,0.5764,336979.6,1704430499999,194234.43574,211,205234.5,118287.36704,0
1704430500000,0.5764,0.5766,0.5763,0.5763,127854.6,1704430559999,73699.74879,200,79497.5,45825.38031,0
1704430560000,0.5763,0.5764,0.5761,0.5762,138766.5,1704430619999,79963.54424,153,65504.6,37748.14100,0
1704430620000,0.5763,0.5765,0.5761,0.5762,175593.9,1704430679999,101191.30123,171,90292.6,52037.50184,0
1704430680000,0.5762,0.5764,0.5762,0.5763,74128.4,1704430739999,42721.22878,99,36007.1,20751.93034,0
1704430740000,0.5762,0.5765,0.5761,0.5762,348940.9,1704430799999,201096.31857,212,219608.5,126566.54071,0
1704430800000,0.5762,0.5763,0.5758,0.5758,266263.1,1704430859999,153370.65564,366,46727.8,26920.97233,0
1704430860000,0.5758,0.5763,0.5757,0.5763,223088.8,1704430919999,128502.09735,293,147206.5,84793.29899,0
1704430920000,0.5762,0.5766,0.5761,0.5763,339454.8,1704430979999,195655.09773,332,138310.3,79715.62986,0
1704430980000,0.5763,0.5765,0.5762,0.5765,146619.6,1704431039999,84500.20696,152,78820.4,45427.61372,0
1704431040000,0.5765,0.5772,0.5765,0.5771,353677.3,1704431099999,204043.34320,390,133588.3,77064.00825,0
1704431100000,0.5771,0.5774,0.5770,0.5773,342529.5,1704431159999,197706.32666,298,179394.6,103545.98916,0
1704431160000,0.5773,0.5778,0.5773,0.5775,384099.0,1704431219999,221840.55763,431,250424.7,144638.85085,0
1704431220000,0.5775,0.5778,0.5773,0.5775,629940.5,1704431279999,363859.67591,362,473728.2,273647.00269,0
1704431280000,0.5774,0.5776,0.5773,0.5775,118076.3,1704431339999,68180.86557,128,34075.7,19676.02423,0
1704431340000,0.5774,0.5777,0.5774,0.5775,111782.6,1704431399999,64558.13188,138,84101.6,48570.86521,0
1704431400000,0.5775,0.5778,0.5775,0.5775,283312.4,1704431459999,163642.80118,196,63394.7,36620.04384,0
1704431460000,0.5776,0.5776,0.5772,0.5776,268322.3,1704431519999,154932.55981,254,123196.2,71131.52897,0
1704431520000,0.5775,0.5775,0.5772,0.5773,408173.4,1704431579999,235656.07291,215,106263.5,61354.70197,0
1704431580000,0.5772,0.5776,0.5772,0.5774,136703.8,1704431639999,78935.89192,136,78922.7,45569.37623,0
1704431640000,0.5774,0.5774,0.5769,0.5771,296683.6,1704431699999,171220.16570,249,70956.8,40948.25848,0
1704431700000,0.5771,0.5773,0.5770,0.5771,193127.5,1704431759999,111458.50680,174,124257.3,71713.82885,0
1704431760000,0.5771,0.5772,0.5770,0.5772,85116.8,1704431819999,49121.80348,163,50424.5,29101.27526,0
1704431820000,0.5771,0.5775,0.5771,0.5774,223588.3,1704431879999,129062.26796,202,96821.8,55894.75174,0
1704431880000,0.5773,0.5773,0.5769,0.5770,146557.7,1704431939999,84582.90634,155,48950.0,28254.28134,0
1704431940000,0.5769,0.5772,0.5769,0.5772,117233.3,1704431999999,67655.76849,137,101872.5,58790.67083,0
1704432000000,0.5773,0.5773,0.5770,0.5770,361688.1,1704432059999,208762.15005,105,30219.6,17441.19606,0
1704432060000,0.5771,0.5772,0.5770,0.5772,230715.0,1704432119999,133137.39879,180,96194.3,55513.82862,0
1704432120000,0.5772,0.5774,0.5770,0.5774,203148.6,1704432179999,117266.79906,208,115079.9,66428.69446,0
1704432180000,0.5773,0.5777,0.5772,0.5777,376816.0,1704432239999,217593.73502,173,261993.9,151300.48851,0
1704432240000,0.5777,0.5780,0.5776,0.5777,339828.1,1704432299999,196340.05042,338,106874.4,61753.59725,0
1704432300000,0.5776,0.5780,0.5776,0.5778,211011.0,1704432359999,121931.32916,178,156258.9,90291.62722,0
1704432360000,0.5779,0.5779,0.5776,0.5777,223930.8,1704432419999,129372.61711,172,81676.8,47190.72275,0
1704432420000,0.5776,0.5779,0.5776,0.5779,129705.7,1704432479999,74931.58700,129,77677.9,44876.96059,0
1704432480000,0.5778,0.5780,0.5778,0.5780,113227.2,1704432539999,65438.48072,92,81942.6,47359.56586,0
1704432540000,0.5779,0.5780,0.5778,0.5779,95137.8,1704432599999,54984.09320,119,73790.7,42648.35120,0
1704432600000,0.5779,0.5780,0.5776,0.5776,156471.1,1704432659999,90415.72604,174,69336.5,40069.16287,0
1704432660000,0.5776,0.5778,0.5775,0.5778,76560.8,1704432719999,44221.51743,127,48113.3,27791.41762,0
1704432720000,0.5778,0.5780,0.5777,0.5779,178328.4,1704432779999,103047.51793,156,102715.4,59353.98066,0
1704432780000,0.5780,0.5781,0.5779,0.5781,82801.0,1704432839999,47857.97886,131,50410.5,29137.30116,0
1704432840000,0.5781,0.5781,0.5778,0.5778,207143.9,1704432899999,119718.98222,180,39110.1,22606.40461,0
1704432900000,0.5778,0.5781,0.5778,0.5780,84089.7,1704432959999,48600.70977,113,42587.7,24614.62881,0
1704432960000,0.5780,0.5781,0.5778,0.5779,181238.0,1704433019999,104744.05004,231,36499.4,21095.28811,0
1704433020000,0.5780,0.5780,0.5777,0.5777,161672.1,1704433079999,93432.83610,159,81140.9,46898.54150,0
1704433080000,0.5777,0.5779,0.5777,0.5778,76387.0,1704433139999,44137.09549,67,51181.0,29573.10321,0
1704433140000,0.5779,0.5780,0.5777,0.5778,345075.8,1704433199999,199392.02271,230,133759.5,77291.93066,0
1704433200000,0.5777,0.5779,0.5776,0.5776,244422.8,1704433259999,141204.07182,210,51419.9,29710.58184,0
1704433260000,0.5776,0.5776,0.5774,0.5775,62000.9,1704433319999,35803.23333,121,23879.6,13790.47004,0
1704433320000,0.5774,0.5775,0.5772,0.5773,191250.5,1704433379999,110421.28380,172,61251.9,35366.74217,0
1704433380000,0.5772,0.5773,0.5771,0.5771,182186.4,1704433439999,105152.81346,202,76477.4,44142.80383,0
1704433440000,0.5771,0.5773,0.5770,0.5772,244690.0,1704433499999,141222.08778,209,88389.9,51015.55278,0
1704433500000,0.5771,0.5772,0.5768,0.5769,318821.5,1704433559999,183968.30777,308,118522.6,68394.20088,0
1704433560000,0.5768,0.5768,0.5765,0.5766,742102.9,1704433619999,427933.09542,425,161082.0,92891.22789,0
1704433620000,0.5766,0.5768,0.5765,0.5767,298163.5,1704433679999,171931.36224,197,174898.5,100856.94297,0
1704433680000,0.5767,0.5771,0.5767,0.5770,292052.1,1704433739999,168461.06144,178,196449.6,113326.08143,0
1704433740000,0.5770,0.5771,0.5770,0.5770,120122.0,1704433799999,69314.92822,113,45342.2,26166.98362,0
1704433800000,0.5770,0.5771,0.5770,0.5770,121798.6,1704433859999,70283.67071,78,58785.1,33924.88121,0
1704433860000,0.5770,0.5771,0.5765,0.5765,359193.2,1704433919999,207184.74412,335,28988.3,16717.43665,0
1704433920000,0.5765,0.5766,0.5763,0.5765,387647.9,1704433979999,223463.27260,260,144642.2,83385.02853,0
1704433980000,0.5765,0.5765,0.5755,0.5756,339098.8,1704434039999,195329.14324,467,51219.9,29509.76713,0
1704434040000,0.5755,0.5757,0.5752,0.5756,589243.6,1704434099999,339080.05482,393,353419.1,203383.98308,0
1704434100000,0.5755,0.5759,0.5755,0.5758,399195.3,1704434159999,229798.97496,277,206580.5,118919.81687,0
1704434160000,0.5758,0.5758,0.5755,0.5758,532280.8,1704434219999,306382.02881,216,162062.8,93301.37083,0
1704434220000,0.5758,0.5762,0.5758,0.5758,341507.8,1704434279999,196709.24912,231,123687.3,71248.55836,0
1704434280000,0.5759,0.5760,0.5757,0.5760,360538.4,1704434339999,207629.05866,216,212213.0,122212.41982,0
1704434340000,0.5759,0.5761,0.5755,0.5757,646658.6,1704434399999,372290.59267,322,115054.7,66261.14197,0
1704434400000,0.5757,0.5757,0.5752,0.5755,475905.3,1704434459999,273857.63643,427,263933.4,151892.78621,0
1704434460000,0.5754,0.5756,0.5750,0.5751,738831.9,1704434519999,425033.92928,481,121697.6,70023.21753,0
1704434520000,0.5751,0.5755,0.5750,0.5752,304492.3,1704434579999,175158.69971,240,180641.2,103917.02286,0
1704434580000,0.5752,0.5755,0.5749,0.5750,662606.7,1704434639999,381096.30269,521,273415.2,157272.28914,0
1704434640000,0.5751,0.5752,0.5748,0.5750,886131.1,1704434699999,509515.56810,576,494655.4,284444.84543,0
1704434700000,0.5751,0.5751,0.5747,0.5749,490074.7,1704434759999,281737.80767,316,236268.1,135830.34877,0
1704434760000,0.5749,0.5752,0.5748,0.5749,651593.9,1704434819999,374672.00224,302,444258.8,255457.78411,0
1704434820000,0.5749,0.5750,0.5745,0.5746,426944.1,1704434879999,245402.82150,292,189703.1,109042.05903,0
1704434880000,0.5747,0.5749,0.5746,0.5749,331693.2,1704434939999,190652.36593,233,215055.0,123614.36446,0
1704434940000,0.5750,0.5757,0.5749,0.5756,489031.1,1704434999999,281382.82002,378,305926.8,176001.59087,0
1704435000000,0.5756,0.5761,0.5755,0.5760,611290.4,1704435059999,352060.29167,450,355206.0,204565.64956,0
1704435060000,0.5759,0.5760,0.5754,0.5758,912797.5,1704435119999,525419.27004,324,277641.1,159790.14762,0
1704435120000,0.5758,0.5758,0.5730,0.5742,6457391.4,1704435179999,3707478.43654,3089,2415257.9,1386290.68211,0
1704435180000,0.5743,0.5744,0.5739,0.5741,1729382.0,1704435239999,992950.06244,1145,1246427.6,715671.14694,0
1704435240000,0.5741,0.5742,0.5737,0.5738,819536.4,1704435299999,470322.26658,711,540163.7,310007.81867,0
1704435300000,0.5738,0.5744,0.5737,0.5743,698560.1,1704435359999,401067.39869,566,501719.7,288054.90365,0
1704435360000,0.5744,0.5746,0.5740,0.5741,898786.5,1704435419999,516209.75011,466,227613.8,130732.25122,0
1704435420000,0.5741,0.5741,0.5730,0.5735,1144439.4,1704435479999,656271.55862,733,439841.5,252250.68836,0
1704435480000,0.5734,0.5741,0.5734,0.5740,473586.5,1704435539999,271739.01075,371,338193.6,194042.92494,0
1704435540000,0.5740,0.5744,0.5739,0.5740,567552.3,1704435599999,325840.67804,446,179682.5,103162.58513,0
1704435600000,0.5741,0.5742,0.5738,0.5738,479884.1,1704435659999,275452.17234,386,180885.1,103832.44299,0
1704435660000,0.5738,0.5739,0.5736,0.5737,455367.9,1704435719999,261262.10506,372,214951.1,123326.31611,0
1704435720000,0.5738,0.5740,0.5736,0.5738,291066.4,1704435779999,167015.52345,280,154926.0,88899.04191,0
1704435780000,0.5738,0.5740,0.5736,0.5737,666589.6,1704435839999,382500.74918,373,431469.2,247602.07766,0
1704435840000,0.5736,0.5737,0.5733,0.5736,604287.7,1704435899999,346563.32250,409,262889.0,150771.05782,0
1704435900000,0.5736,0.5736,0.5734,0.5734,265771.2,1704435959999,152424.54270,197,154399.3,88556.24101,0
1704435960000,0.5735,0.5738,0.5732,0.5736,893962.0,1704436019999,512704.45816,472,410037.0,235158.01804,0
1704436020000,0.5736,0.5738,0.5734,0.5735,294687.3,1704436079999,169009.01712,217,122947.7,70508.17064,0
1704436080000,0.5735,0.5735,0.5726,0.5730,842005.0,1704436139999,482420.38454,657,211086.5,120961.17346,0
1704436140000,0.5731,0.5731,0.5726,0.5727,1053785.2,1704436199999,603600.11674,396,632281.6,362169.38258,0
1704436200000,0.5728,0.5736,0.5726,0.5735,1031287.7,1704436259999,590977.51026,592,617935.9,354118.36308,0
1704436260000,0.5735,0.5737,0.5728,0.5728,559913.4,1704436319999,320988.51990,354,197612.0,113275.97589,0
1704436320000,0.5728,0.5732,0.5728,0.5730,347726.7,1704436379999,199241.83263,286,173271.7,99279.28510,0
1704436380000,0.5730,0.5732,0.5727,0.5730,329060.9,1704436439999,188538.64311,299,143706.2,82336.85853,0
1704436440000,0.5731,0.5736,0.5731,0.5736,249578.4,1704436499999,143065.71204,256,152022.1,87140.84261,0
1704436500000,0.5736,0.5741,0.5735,0.5740,488519.7,1704436559999,280284.61836,287,225227.9,129225.94638,0
1704436560000,0.5740,0.5741,0.5735,0.5736,546749.4,1704436619999,313736.02966,405,225261.8,129257.19346,0
1704436620000,0.5736,0.5737,0.5734,0.5735,241771.3,1704436679999,138664.54814,195,94190.9,54021.41724,0
1704436680000,0.5736,0.5739,0.5736,0.5737,286258.9,1704436739999,164230.69469,178,218275.2,125225.76539,0
1704436740000,0.5737,0.5737,0.5734,0.5736,252219.0,1704436799999,144656.12757,161,136026.0,78016.41565,0
1704436800000,0.5737,0.5742,0.5735,0.5742,515585.9,1704436859999,295857.77874,323,409809.4,235179.40736,0
1704436860000,0.5742,0.5755,0.5741,0.5750,1471133.8,1704436919999,846035.28244,871,713932.1,410625.21164,0
1704436920000,0.5750,0.5753,0.5746,0.5747,580722.2,1704436979999,333880.20040,340,277736.2,159666.36099,0
1704436980000,0.5748,0.5748,0.5743,0.5743,264577.0,1704437039999,152019.91088,254,167309.9,96131.47867,0
1704437040000,0.5743,0.5744,0.5741,0.5741,166581.8,1704437099999,95662.91469,165,108191.7,62133.22689,0
1704437100000,0.5740,0.5744,0.5740,0.5742,426641.3,1704437159999,244978.85860,276,230855.6,132558.38226,0
1704437160000,0.5741,0.5742,0.5739,0.5739,270896.0,1704437219999,155501.25085,224,127254.1,73046.60793,0
1704437220000,0.5740,0.5741,0.5738,0.5740,167436.3,1704437279999,96095.61852,139,104169.3,59788.89655,0
1704437280000,0.5741,0.5744,0.5740,0.5744,180456.0,1704437339999,103613.41588,166,152556.2,87596.17144,0
1704437340000,0.5743,0.5744,0.5741,0.5744,325373.3,1704437399999,186867.82479,265,211670.4,121567.05706,0
1704437400000,0.5745,0.5749,0.5744,0.5746,547606.1,1704437459999,314741.60623,348,257124.0,147778.56316,0
1704437460000,0.5746,0.5750,0.5746,0.5748,377777.6,1704437519999,217136.82813,240,251819.3,144736.18006,0
1704437520000,0.5748,0.5751,0.5746,0.5750,564086.7,1704437579999,324292.17183,353,299446.9,172160.60249,0
1704437580000,0.5749,0.5751,0.5747,0.5749,350090.1,1704437639999,201261.68598,234,135512.0,77902.44052,0
1704437640000,0.5750,0.5754,0.5749,0.5750,408536.0,1704437699999,234997.76301,303,184002.6,105830.93200,0
1704437700000,0.5751,0.5752,0.5745,0.5747,452002.3,1704437759999,259811.76093,325,156118.5,89759.57294,0
1704437760000,0.5747,0.5748,0.5741,0.5741,317056.7,1704437819999,182120.95126,226,133506.6,76677.28032,0
1704437820000,0.5741,0.5745,0.5741,0.5743,257286.5,1704437879999,147749.94386,226,213057.6,122349.52481,0
1704437880000,0.5743,0.5743,0.5741,0.5741,269085.3,1704437939999,154517.15139,431,217099.5,124669.00510,0
1704437940000,0.5742,0.5744,0.5740,0.5743,318073.2,1704437999999,182604.75696,233,101206.6,58113.10124,0
1704438000000,0.5743,0.5757,0.5741,0.5754,2035371.4,1704438059999,1170514.81345,1151,1091715.6,627705.76936,0
1704438060000,0.5754,0.5758,0.5750,0.5754,831295.1,1704438119999,478296.40779,551,470072.6,270446.75805,0
1704438120000,0.5753,0.5754,0.5746,0.5750,506582.5,1704438179999,291294.95505,384,199033.3,114423.24859,0
1704438180000,0.5750,0.5752,0.5746,0.5749,365727.3,1704438239999,210292.31236,323,94093.1,54089.80742,0
1704438240000,0.5749,0.5751,0.5742,0.5742,243810.2,1704438299999,140144.93700,313,50651.1,29112.56765,0
1704438300000,0.5743,0.5745,0.5740,0.5741,336213.8,1704438359999,193056.29272,292,177805.5,102107.13416,0
1704438360000,0.5740,0.5742,0.5739,0.5740,755457.8,1704438419999,433660.59864,412,360350.2,206865.14021,0
1704438420000,0.5740,0.5740,0.5736,0.5737,254471.7,1704438479999,146009.64469,276,120188.3,68966.15348,0
1704438480000,0.5737,0.5739,0.5735,0.5739,290746.8,1704438539999,166791.72745,289,201617.7,115663.99723,0
1704438540000,0.5738,0.5740,0.5736,0.5738,315005.9,1704438599999,180739.38914,225,149585.4,85824.45149,0
1704438600000,0.5737,0.5738,0.5730,0.5732,528670.1,1704438659999,303088.71614,401,58970.1,33811.01109,0
1704438660000,0.5732,0.5732,0.5728,0.5730,438711.4,1704438719999,251378.94930,353,214984.3,123187.98080,0
1704438720000,0.5730,0.5730,0.5729,0.5729,136430.2,1704438779999,78173.39723,125,125356.5,71829.27450,0
1704438780000,0.5730,0.5731,0.5728,0.5731,251882.2,1704438839999,144310.54726,205,201322.6,115345.50244,0
1704438840000,0.5731,0.5741,0.5731,0.5740,1075241.7,1704438899999,616710.06593,593,646267.7,370684.69131,0
1704438900000,0.5740,0.5742,0.5738,0.5739,520750.1,1704438959999,298931.88584,316,159391.0,91502.00828,0
1704438960000,0.5739,0.5739,0.5734,0.5734,442612.4,1704439019999,253891.37483,285,236912.2,135902.03212,0
1704439020000,0.5734,0.5738,0.5733,0.5733,730080.4,1704439079999,418714.41103,420,560335.7,321363.35210,0
1704439080000,0.5734,0.5734,0.5731,0.5731,135566.2,1704439139999,77718.75078,138,43414.7,24890.41058,0
1704439140000,0.5732,0.5733,0.5731,0.5732,177362.0,1704439199999,101671.99888,147,152545.8,87447.42436,0
1704439200000,0.5732,0.5735,0.5732,0.5732,280405.7,1704439259999,160770.81439,223,132579.8,76013.38338,0
1704439260000,0.5733,0.5735,0.5731,0.5731,349397.9,1704439319999,200302.34568,224,183847.9,105401.09931,0
1704439320000,0.5730,0.5730,0.5726,0.5727,591603.5,1704439379999,338863.86406,355,137308.9,78644.44149,0
1704439380000,0.5727,0.5727,0.5722,0.5723,732352.8,1704439439999,419173.43282,547,250280.4,143253.48912,0
1704439440000,0.5724,0.5733,0.5724,0.5731,718178.1,1704439499999,411412.59711,415,511928.3,293228.46403,0
1704439500000,0.5732,0.5732,0.5727,0.5732,369170.1,1704439559999,211498.82724,222,122999.1,70473.95736,0
1704439560000,0.5732,0.5733,0.5729,0.5732,329945.0,1704439619999,189092.23798,254,254339.3,145764.60125,0
1704439620000,0.5732,0.5762,0.5732,0.5755,9445440.6,1704439679999,5431459.93371,4463,5196042.9,2986422.64084,0
1704439680000,0.5755,0.5755,0.5749,0.5752,877250.5,1704439739999,504552.08766,424,244159.4,140437.48660,0
1704439740000,0.5752,0.5755,0.5751,0.5752,407813.2,1704439799999,234634.09537,271,111218.0,63986.75948,0
1704439800000,0.5753,0.5753,0.5748,0.5750,897257.1,1704439859999,515977.94176,483,345165.9,198506.22773,0
1704439860000,0.5749,0.5751,0.5747,0.5748,435386.6,1704439919999,250331.86873,311,307604.9,176868.03721,0
1704439920000,0.5748,0.5749,0.5746,0.5748,220797.7,1704439979999,126909.47224,231,139282.6,80059.68263,0
1704439980000,0.5747,0.5750,0.5747,0.5749,164526.5,1704440039999,94577.59715,129,137431.7,79001.59099,0
1704440040000,0.5749,0.5750,0.5744,0.5746,280493.1,1704440099999,161168.34862,236,86660.0,49790.73837,0
1704440100000,0.5745,0.5750,0.5745,0.5747,387436.1,1704440159999,222674.12815,238,282071.9,162111.92792,0
1704440160000,0.5746,0.5747,0.5742,0.5743,525937.9,1704440219999,302106.39151,380,310854.2,178558.87474,0
1704440220000,0.5743,0.5747,0.5743,0.5746,410684.4,1704440279999,235954.58491,230,265418.4,152491.97017,0
1704440280000,0.5746,0.5750,0.5745,0.5746,214922.5,1704440339999,123526.80169,197,111878.1,64304.55741,0
1704440340000,0.5745,0.5746,0.5741,0.5742,294777.7,1704440399999,169281.41807,237,211210.0,121290.98574,0
1704440400000,0.5741,0.5744,0.5740,0.5743,365964.6,1704440459999,210141.43697,281,207450.6,119131.82406,0
1704440460000,0.5743,0.5745,0.5741,0.5744,380566.8,1704440519999,218571.19416,242,307615.2,176671.75435,0
1704440520000,0.5743,0.5744,0.5741,0.5741,202760.0,1704440579999,116442.19464,188,29677.6,17044.33887,0
1704440580000,0.5741,0.5742,0.5738,0.5738,69682.8,1704440639999,39997.00069,151,11413.2,6552.51657,0
1704440640000,0.5738,0.5739,0.5737,0.5738,201356.5,1704440699999,115536.87706,180,146326.8,83962.67591,0
1704440700000,0.5737,0.5743,0.5737,0.5738,936987.8,1704440759999,537777.09144,483,488416.0,280337.73295,0
1704440760000,0.5737,0.5738,0.5733,0.5733,408693.5,1704440819999,234412.65668,371,89263.3,51204.77245,0
1704440820000,0.5733,0.5735,0.5732,0.5733,323095.8,1704440879999,185235.42128,265,217519.9,124712.46084,0
1704440880000,0.5732,0.5736,0.5732,0.5735,313370.0,1704440939999,179684.41161,240,273234.2,156671.94954,0
1704440940000,0.5735,0.5736,0.5735,0.5735,165877.8,1704440999999,95138.98276,184,80644.6,46257.74256,0
1704441000000,0.5735,0.5741,0.5735,0.5737,712170.9,1704441059999,408669.37871,352,486764.2,279313.50681,0
1704441060000,0.5737,0.5741,0.5737,0.5740,223355.2,1704441119999,128183.91712,214,149417.5,85752.53608,0
1704441120000,0.5739,0.5741,0.5736,0.5736,1051537.4,1704441179999,603387.99068,224,61182.7,35119.32335,0
1704441180000,0.5736,0.5739,0.5736,0.5737,294143.2,1704441239999,168759.13825,216,198156.4,113688.24795,0
1704441240000,0.5736,0.5739,0.5736,0.5739,119890.0,1704441299999,68786.00695,136,113811.7,65298.95382,0
1704441300000,0.5738,0.5744,0.5738,0.5742,395557.5,1704441359999,227110.56508,327,258557.5,148445.76907,0
1704441360000,0.5742,0.5744,0.5740,0.5741,212627.5,1704441419999,122101.61099,169,134593.0,77295.93739,0
1704441420000,0.5740,0.5741,0.5739,0.5739,45625.0,1704441479999,26190.30056,101,16017.4,9195.57348,0
1704441480000,0.5739,0.5740,0.5736,0.5737,100898.1,1704441539999,57897.25855,108,28874.5,16569.33405,0
1704441540000,0.5736,0.5737,0.5734,0.5734,80511.3,1704441599999,46176.64734,109,27822.4,15958.48067,0
1704441600000,0.5734,0.5737,0.5734,0.5735,672039.2,1704441659999,385430.71088,527,411847.6,236208.88180,0
1704441660000,0.5735,0.5741,0.5735,0.5741,408992.5,1704441719999,234686.12593,426,341410.3,195913.54589,0
1704441720000,0.5741,0.5742,0.5738,0.5740,192095.7,1704441779999,110253.28089,229,48944.5,28092.88961,0
1704441780000,0.5740,0.5744,0.5739,0.5742,539138.9,1704441839999,309531.30172,447,402408.6,231039.14099,0
1704441840000,0.5742,0.5743,0.5739,0.5740,295633.4,1704441899999,169728.23925,209,145173.0,83346.98281,0
1704441900000,0.5740,0.5742,0.5739,0.5739,78821.0,1704441959999,45247.68701,136,41268.8,23692.30895,0
1704441960000,0.5739,0.5742,0.5737,0.5741,415635.3,1704442019999,238559.78220,313,376041.2,215836.47198,0
1704442020000,0.5742,0.5742,0.5737,0.5738,161486.1,1704442079999,92707.92109,158,57015.6,32736.88589,0
1704442080000,0.5737,0.5738,0.5734,0.5734,161139.2,1704442139999,92423.34884,131,21103.8,12104.00909,0
1704442140000,0.5734,0.5735,0.5734,0.5735,119045.0,1704442199999,68261.73380,96,13308.0,7632.13800,0
1704442200000,0.5734,0.5735,0.5734,0.5734,279512.6,1704442259999,160284.00887,241,182711.3,104778.14345,0
1704442260000,0.5734,0.5737,0.5733,0.5737,288354.7,1704442319999,165370.05764,279,238183.5,136599.73623,0
1704442320000,0.5737,0.5737,0.5734,0.5736,186638.7,1704442379999,107045.20545,136,164046.9,94087.32714,0
1704442380000,0.5736,0.5738,0.5736,0.5738,191460.0,1704442439999,109840.00093,131,152424.6,87447.05051,0
1704442440000,0.5737,0.5739,0.5737,0.5739,441018.6,1704442499999,253047.61957,289,178319.9,102325.81141,0
1704442500000,0.5740,0.5744,0.5739,0.5744,367359.6,1704442559999,210906.86757,312,307907.4,176778.77001,0
1704442560000,0.5743,0.5747,0.5742,0.5744,653643.0,1704442619999,375501.39471,482,414847.3,238327.83313,0
1704442620000,0.5743,0.5747,0.5743,0.5745,196967.2,1704442679999,113157.14432,213,117294.3,67383.85842,0
1704442680000,0.5745,0.5746,0.5740,0.5741,341922.3,1704442739999,196327.12760,264,157014.6,90148.34377,0
1704442740000,0.5742,0.5742,0.5739,0.5740,235310.3,1704442799999,135057.77708,186,106110.0,60901.58073,0
1704442800000,0.5741,0.5743,0.5739,0.5743,255332.5,1704442859999,146569.03464,186,129513.9,74353.13848,0
1704442860000,0.5743,0.5745,0.5741,0.5743,469282.5,1704442919999,269525.26623,321,301668.9,173257.11977,0
1704442920000,0.5744,0.5744,0.5741,0.5743,284897.7,1704442979999,163594.97891,178,131889.1,75737.56428,0
1704442980000,0.5744,0.5751,0.5743,0.5751,766300.9,1704443039999,440450.68325,515,611122.6,351265.16770,0
1704443040000,0.5750,0.5751,0.5749,0.5750,260676.4,1704443099999,149888.32640,214,153899.7,88493.79027,0
1704443100000,0.5751,0.5755,0.5750,0.5754,731769.1,1704443159999,420993.34567,504,383642.0,220713.38334,0
1704443160000,0.5754,0.5755,0.5750,0.5750,493071.3,1704443219999,283602.15431,360,237559.3,136651.73077,0
1704443220000,0.5750,0.5750,0.5746,0.5747,121344.2,1704443279999,69753.55332,143,66481.2,38215.63209,0
1704443280000,0.5746,0.5747,0.5742,0.5744,282715.8,1704443339999,162394.13325,165,105834.8,60782.98901,0
1704443340000,0.5744,0.5746,0.5743,0.5746,325335.2,1704443399999,186875.46548,263,228075.9,131011.49922,0
1704443400000,0.5746,0.5748,0.5745,0.5745,420206.8,1704443459999,241446.21501,240,212628.5,122177.88358,0
1704443460000,0.5746,0.5749,0.5736,0.5743,1488605.5,1704443519999,854898.83547,690,453604.6,260510.57493,0
1704443520000,0.5743,0.5745,0.5740,0.5744,419711.5,1704443579999,241016.06614,273,129890.7,74588.07489,0
1704443580000,0.5744,0.5749,0.5744,0.5748,233934.1,1704443639999,134453.71516,215,142956.6,82156.38268,0
1704443640000,0.5748,0.5748,0.5744,0.5747,229350.9,1704443699999,131780.75448,233,109183.7,62735.01225,0
1704443700000,0.5747,0.5748,0.5743,0.5745,226521.7,1704443759999,130137.80268,212,93274.6,53580.81285,0
1704443760000,0.5744,0.5745,0.5744,0.5744,155033.4,1704443819999,89057.00747,149,25956.5,14912.00925,0
1704443820000,0.5744,0.5746,0.5743,0.5744,276851.8,1704443879999,159050.76062,212,157864.2,90693.65870,0
1704443880000,0.5744,0.5745,0.5744,0.5745,139393.8,1704443939999,80080.95985,104,97591.1,56066.08695,0
1704443940000,0.5745,0.5745,0.5740,0.5741,126320.4,1704443999999,72528.03080,152,11981.7,6879.75617,0
1704444000000,0.5740,0.5741,0.5734,0.5734,368453.8,1704444059999,211388.57255,357,129046.3,74041.04626,0
1704444060000,0.5734,0.5735,0.5732,0.5734,317368.0,1704444119999,181966.41383,394,162245.9,93027.83434,0
1704444120000,0.5733,0.5739,0.5732,0.5737,423017.0,1704444179999,242626.80134,343,290232.8,166459.78180,0
1704444180000,0.5737,0.5738,0.5734,0.5736,669881.1,1704444239999,384229.18185,313,304574.6,174709.15947,0
1704444240000,0.5735,0.5737,0.5734,0.5736,225159.0,1704444299999,129140.24803,176,100513.2,57649.66114,0
1704444300000,0.5735,0.5736,0.5733,0.5735,314144.9,1704444359999,180155.67651,208,166021.4,95208.58064,0
1704444360000,0.5735,0.5740,0.5735,0.5738,362930.5,1704444419999,208256.35059,256,207604.2,119122.14310,0
1704444420000,0.5738,0.5742,0.5737,0.5741,189365.9,1704444479999,108690.43822,208,121292.4,69617.60730,0
1704444480000,0.5742,0.5744,0.5741,0.5744,159689.9,1704444539999,91708.90276,120,146448.3,84104.69420,0
1704444540000,0.5743,0.5744,0.5739,0.5740,370982.2,1704444599999,213006.68832,310,113963.2,65428.67127,0
1704444600000,0.5739,0.5740,0.5736,0.5736,183610.0,1704444659999,105351.93957,175,33166.0,19031.94349,0
1704444660000,0.5737,0.5738,0.5734,0.5735,369339.5,1704444719999,211841.09327,240,110154.5,63185.16466,0
1704444720000,0.5734,0.5738,0.5734,0.5736,137985.4,1704444779999,79148.19501,167,79478.3,45586.71639,0
1704444780000,0.5737,0.5737,0.5736,0.5737,69129.2,1704444839999,39655.10556,203,25964.4,14895.77628,0
1704444840000,0.5736,0.5738,0.5735,0.5735,247970.8,1704444899999,142249.30447,215,64558.4,37040.43031,0
1704444900000,0.5735,0.5740,0.5735,0.5739,210070.4,1704444959999,120551.69795,237,143224.5,82189.83594,0
1704444960000,0.5739,0.5740,0.5738,0.5739,181133.2,1704445019999,103952.19294,175,111888.6,64213.65655,0
1704445020000,0.5740,0.5741,0.5739,0.5740,197936.4,1704445079999,113615.58610,142,91362.1,52448.88388,0
1704445080000,0.5740,0.5744,0.5739,0.5742,221391.5,1704445139999,127113.76923,205,170566.8,97927.19404,0
1704445140000,0.5743,0.5743,0.5740,0.5740,203463.2,1704445199999,116811.72668,128,36501.6,20956.51232,0
1704445200000,0.5740,0.5746,0.5740,0.5745,707871.7,1704445259999,406542.95529,513,584920.8,335943.28478,0
1704445260000,0.5746,0.5768,0.5745,0.5765,4628210.4,1704445319999,2666324.11203,3261,2291126.3,1319780.94557,0
1704445320000,0.5764,0.5775,0.5760,0.5774,1561295.8,1704445379999,900593.58792,1185,794494.6,458322.25822,0
1704445380000,0.5774,0.5775,0.5766,0.5767,1216371.1,1704445439999,701819.03045,692,390533.7,225338.37981,0
1704445440000,0.5768,0.5769,0.5760,0.5763,1064706.7,1704445499999,613593.58083,543,398580.3,229668.59941,0
1704445500000,0.5762,0.5774,0.5760,0.5774,954706.4,1704445559999,550350.59721,662,470462.1,271276.02925,0
1704445560000,0.5773,0.5778,0.5764,0.5766,1702561.9,1704445619999,982587.08778,1044,606908.5,350223.29108,0
1704445620000,0.5767,0.5771,0.5766,0.5768,468656.2,1704445679999,270336.10442,324,162277.5,93607.22554,0
1704445680000,0.5769,0.5775,0.5766,0.5767,1189079.4,1704445739999,686115.21693,566,659945.2,380796.09943,0
1704445740000,0.5767,0.5767,0.5756,0.5763,1337275.5,1704445799999,770564.87724,824,531739.5,306410.04097,0
1704445800000,0.5762,0.5768,0.5760,0.5765,600417.5,1704445859999,346114.39810,399,262739.3,151477.23363,0
1704445860000,0.5764,0.5766,0.5761,0.5765,291408.2,1704445919999,167962.12908,296,206132.1,118811.41632,0
1704445920000,0.5765,0.5766,0.5759,0.5762,791981.9,1704445979999,456315.25173,393,222937.1,128451.34486,0
1704445980000,0.5762,0.5763,0.5759,0.5762,191972.2,1704446039999,110608.03740,242,116385.0,67057.54076,0
1704446040000,0.5761,0.5762,0.5759,0.5762,232332.8,1704446099999,133847.32403,258,146726.2,84533.52920,0
1704446100000,0.5762,0.5772,0.5761,0.5770,651963.7,1704446159999,376026.77464,411,416109.9,239944.16895,0
1704446160000,0.5770,0.5770,0.5762,0.5763,571408.5,1704446219999,329406.20423,430,287676.7,165826.77643,0
1704446220000,0.5764,0.5765,0.5760,0.5760,212187.1,1704446279999,122270.68349,227,82174.0,47359.21796,0
1704446280000,0.5761,0.5764,0.5757,0.5761,682333.3,1704446339999,392992.61813,412,333256.6,191967.67694,0
1704446340000,0.5762,0.5767,0.5761,0.5765,410684.0,1704446399999,236773.72323,315,317088.7,182819.91912,0
1704446400000,0.5765,0.5770,0.5765,0.5768,703592.5,1704446459999,405774.85836,455,389675.2,224730.72641,0
1704446460000,0.5769,0.5772,0.5767,0.5772,295351.3,1704446519999,170375.14435,270,126594.6,73034.25556,0
1704446520000,0.5772,0.5772,0.5765,0.5766,678116.0,1704446579999,391175.99383,352,229209.0,132245.08115,0
1704446580000,0.5765,0.5768,0.5761,0.5764,1198886.7,1704446639999,691089.03773,582,955736.3,550958.50151,0
1704446640000,0.5764,0.5766,0.5763,0.5765,275126.6,1704446699999,158591.79768,241,137340.3,79168.91423,0
1704446700000,0.5764,0.5774,0.5763,0.5774,638320.3,1704446759999,368196.34178,375,311108.8,179445.45613,0
1704446760000,0.5774,0.5776,0.5772,0.5773,581679.5,1704446819999,335846.67681,396,272232.8,157191.68899,0
1704446820000,0.5773,0.5774,0.5771,0.5774,182077.0,1704446879999,105096.66194,161,108970.7,62900.30180,0
1704446880000,0.5774,0.5774,0.5772,0.5772,138664.0,1704446939999,80051.62196,145,76998.3,44452.25302,0
1704446940000,0.5773,0.5773,0.5769,0.5770,299660.1,1704446999999,172933.39891,211,128213.8,73998.71000,0
1704447000000,0.5771,0.5774,0.5767,0.5771,519403.0,1704447059999,299749.15299,415,216637.9,125022.76733,0
1704447060000,0.5772,0.5774,0.5771,0.5774,157415.4,1704447119999,90875.73771,196,92705.8,53521.03026,0
1704447120000,0.5773,0.5775,0.5772,0.5775,266481.3,1704447179999,153861.50470,281,186518.9,107699.20695,0
1704447180000,0.5774,0.5776,0.5774,0.5775,312736.2,1704447239999,180612.35749,289,170198.2,98300.98891,0
1704447240000,0.5775,0.5778,0.5773,0.5776,614546.6,1704447299999,354940.61313,407,343293.0,198294.70282,0
1704447300000,0.5775,0.5778,0.5775,0.5777,460102.2,1704447359999,265791.18398,360,238337.4,137693.18404,0
1704447360000,0.5776,0.5786,0.5776,0.5785,837653.1,1704447419999,484374.77515,988,513590.5,296976.88738,0
1704447420000,0.5785,0.5786,0.5777,0.5779,552410.4,1704447479999,319408.90616,485,162600.4,94013.95615,0
1704447480000,0.5778,0.5780,0.5775,0.5777,1124055.5,1704447539999,649502.57835,782,526791.0,304390.19636,0
1704447540000,0.5777,0.5781,0.5777,0.5780,304507.7,1704447599999,175969.41537,213,106554.1,61578.64984,0
1704447600000,0.5779,0.5782,0.5775,0.5776,325340.6,1704447659999,188004.78137,297,130609.5,75484.63475,0
1704447660000,0.5776,0.5781,0.5776,0.5781,550393.5,1704447719999,318084.31027,325,343786.5,198679.87746,0
1704447720000,0.5781,0.5781,0.5776,0.5777,261321.2,1704447779999,150978.72541,216,48629.3,28097.62925,0
1704447780000,0.5777,0.5778,0.5774,0.5774,270805.7,1704447839999,156409.61271,249,42507.7,24558.84866,0
1704447840000,0.5775,0.5776,0.5774,0.5776,213171.6,1704447899999,123101.41989,159,60243.4,34791.13645,0
1704447900000,0.5776,0.5777,0.5773,0.5776,277694.7,1704447959999,160348.20752,270,99918.2,57702.41295,0
1704447960000,0.5777,0.5783,0.5776,0.5782,474725.0,1704448019999,274396.36369,307,267334.8,154518.13051,0
1704448020000,0.5782,0.5782,0.5778,0.5780,402217.1,1704448079999,232462.32430,321,87501.2,50577.38515,0
1704448080000,0.5780,0.5785,0.5778,0.5784,387647.0,1704448139999,224114.27074,324,193185.0,111677.65856,0
1704448140000,0.5783,0.5783,0.5779,0.5780,423893.5,1704448199999,245051.73552,311,106217.4,61405.10682,0
1704448200000,0.5780,0.5781,0.5778,0.5779,138307.8,1704448259999,79927.06365,229,47557.4,27484.50879,0
1704448260000,0.5778,0.5782,0.5778,0.5781,239794.0,1704448319999,138614.51461,234,138619.9,80130.46347,0
1704448320000,0.5780,0.5782,0.5780,0.5781,184764.0,1704448379999,106811.54258,152,99879.0,57743.84261,0
1704448380000,0.5781,0.5782,0.5780,0.5781,148355.9,1704448439999,85765.13707,132,61845.9,35753.95130,0
1704448440000,0.5781,0.5785,0.5781,0.5785,149668.8,1704448499999,86556.84946,178,121496.5,70266.43993,0
1704448500000,0.5784,0.5786,0.5784,0.5784,194306.9,1704448559999,112409.68944,251,83357.4,48227.38422,0
1704448560000,0.5784,0.5787,0.5784,0.5785,316834.6,1704448619999,183308.22600,332,155902.7,90204.47819,0
1704448620000,0.5785,0.5788,0.5784,0.5788,299529.7,1704448679999,173308.78883,301,229004.4,132507.06048,0
1704448680000,0.5787,0.5788,0.5786,0.5786,298473.2,1704448739999,172734.57867,231,92592.0,53592.21395,0
1704448740000,0.5786,0.5792,0.5786,0.5788,568612.0,1704448799999,329208.36876,537,282600.9,163620.44543,0
1704448800000,0.5787,0.5790,0.5782,0.5784,909148.0,1704448859999,526023.22152,675,236106.3,136630.48506,0
1704448860000,0.5784,0.5785,0.5780,0.5780,583947.8,1704448919999,337645.75768,339,50302.3,29089.54307,0
1704448920000,0.5780,0.5786,0.5775,0.5783,1047108.4,1704448979999,605234.37601,689,647203.5,374073.53252,0
1704448980000,0.5783,0.5784,0.5777,0.5777,274993.1,1704449039999,158934.90499,236,107606.5,62186.88292,0
1704449040000,0.5777,0.5778,0.5772,0.5773,453019.3,1704449099999,261548.15988,357,128858.9,74397.15659,0
1704449100000,0.5774,0.5779,0.5772,0.5777,263058.4,1704449159999,151917.95322,297,134237.4,77528.05563,0
1704449160000,0.5776,0.5777,0.5774,0.5775,273746.6,1704449219999,158099.78261,284,121437.2,70136.74372,0
1704449220000,0.5776,0.5776,0.5772,0.5773,145581.5,1704449279999,84061.34426,200,43888.5,25345.53501,0
1704449280000,0.5773,0.5773,0.5765,0.5770,988143.7,1704449339999,569956.75448,721,484708.2,279582.57860,0
1704449340000,0.5770,0.5773,0.5768,0.5772,409062.9,1704449399999,236037.35287,291,249820.3,144147.56067,0
1704449400000,0.5771,0.5773,0.5769,0.5769,358610.6,1704449459999,206970.38402,317,246520.2,142279.90391,0
1704449460000,0.5769,0.5773,0.5768,0.5772,487445.5,1704449519999,281283.24774,320,206925.1,119415.17745,0
1704449520000,0.5771,0.5773,0.5770,0.5773,551013.7,1704449579999,317997.95620,301,342174.4,197483.47559,0
1704449580000,0.5772,0.5773,0.5770,0.5770,137460.3,1704449639999,79331.43633,151,49690.2,28678.16260,0
1704449640000,0.5770,0.5771,0.5770,0.5770,61921.3,1704449699999,35730.88832,125,23359.8,13480.90282,0
1704449700000,0.5769,0.5774,0.5767,0.5774,360130.5,1704449759999,207785.94014,282,235823.6,136081.54146,0
1704449760000,0.5774,0.5783,0.5774,0.5781,690341.1,1704449819999,398960.31500,518,425040.8,245641.46484,0
1704449820000,0.5782,0.5782,0.5778,0.5781,200346.8,1704449879999,115799.17120,214,98176.6,56743.31530,0
1704449880000,0.5780,0.5785,0.5780,0.5784,231730.9,1704449939999,134010.91614,226,160201.2,92645.85661,0
1704449940000,0.5784,0.5785,0.5779,0.5779,249591.9,1704449999999,144303.98366,276,54582.8,31551.31139,0
1704450000000,0.5779,0.5781,0.5776,0.5777,181353.8,1704450059999,104784.15477,265,35379.1,20445.57731,0
1704450060000,0.5776,0.5779,0.5775,0.5778,181118.2,1704450119999,104631.08234,201,99634.0,57564.11825,0
1704450120000,0.5777,0.5781,0.5777,0.5781,98446.3,1704450179999,56891.67237,112,81833.4,47292.57727,0
1704450180000,0.5780,0.5780,0.5776,0.5778,217816.4,1704450239999,125852.71345,264,28507.6,16471.72358,0
1704450240000,0.5778,0.5778,0.5775,0.5777,192753.4,1704450299999,111342.35092,171,61576.2,35570.33307,0
1704450300000,0.5776,0.5778,0.5775,0.5775,156717.0,1704450359999,90525.24448,211,80437.9,46464.46303,0
1704450360000,0.5775,0.5776,0.5769,0.5772,406735.2,1704450419999,234738.43956,352,94557.8,54572.16323,0
1704450420000,0.5771,0.5773,0.5766,0.5773,351003.5,1704450479999,202485.22014,294,151976.4,87681.42292,0
1704450480000,0.5772,0.5772,0.5768,0.5772,298354.6,1704450539999,172159.89109,210,164114.5,94696.05651,0
1704450540000,0.5771,0.5776,0.5771,0.5776,190927.3,1704450599999,110248.75100,189,158237.3,91371.89271,0
1704450600000,0.5776,0.5776,0.5766,0.5768,394289.2,1704450659999,227514.52389,316,122206.9,70511.19407,0
1704450660000,0.5769,0.5769,0.5757,0.5763,2079511.4,1704450719999,1197952.21563,1029,798745.8,460240.84634,0
1704450720000,0.5762,0.5767,0.5762,0.5764,313060.2,1704450779999,180469.25799,273,194934.1,112367.37262,0
1704450780000,0.5764,0.5764,0.5759,0.5761,313773.0,1704450839999,180769.21326,288,243288.9,140159.59996,0
1704450840000,0.5761,0.5765,0.5760,0.5763,255410.9,1704450899999,147175.44007,244,193106.7,111274.16470,0
1704450900000,0.5764,0.5767,0.5761,0.5764,543049.5,1704450959999,313011.76398,386,248331.0,143154.35902,0
1704450960000,0.5763,0.5764,0.5755,0.5757,720164.5,1704451019999,414643.72409,546,247592.1,142551.48811,0
1704451020000,0.5756,0.5757,0.5750,0.5753,1846392.4,1704451079999,1062188.16195,850,538762.2,310015.02324,0
1704451080000,0.5753,0.5756,0.5750,0.5754,659389.1,1704451139999,379415.70083,380,340512.9,195939.31825,0
1704451140000,0.5754,0.5758,0.5752,0.5758,464812.8,1704451199999,267555.49338,291,360157.0,207315.63637,0
1704451200000,0.5758,0.5759,0.5750,0.5754,480355.4,1704451259999,276395.11990,357,159069.2,91541.96190,0
1704451260000,0.5753,0.5753,0.5746,0.5747,545124.3,1704451319999,313402.96633,403,88672.6,50974.69154,0
1704451320000,0.5747,0.5754,0.5746,0.5751,489196.1,1704451379999,281256.57086,362,297923.5,171277.33347,0
1704451380000,0.5750,0.5755,0.5745,0.5748,1004881.7,1704451439999,577650.32703,580,394068.3,226560.66404,0
1704451440000,0.5748,0.5748,0.5736,0.5746,2530148.6,1704451499999,1452460.83701,1252,642306.8,368866.42800,0
1704451500000,0.5745,0.5748,0.5744,0.5745,419864.9,1704451559999,241242.84043,395,240634.1,138268.14505,0
1704451560000,0.5744,0.5745,0.5741,0.5743,378845.6,1704451619999,217577.90407,295,273314.2,156973.06655,0
1704451620000,0.5743,0.5743,0.5738,0.5738,791915.4,1704451679999,454581.18064,434,252110.0,144722.20845,0
1704451680000,0.5738,0.5745,0.5736,0.5742,756381.3,1704451739999,434156.94647,427,448821.0,257606.14394,0
1704451740000,0.5742,0.5743,0.5740,0.5742,434194.6,1704451799999,249296.71628,234,284199.4,163177.29326,0
1704451800000,0.5742,0.5742,0.5728,0.5731,2798126.4,1704451859999,1604155.71616,1858,717341.5,411266.48626,0
1704451860000,0.5731,0.5732,0.5723,0.5727,842811.7,1704451919999,482784.28447,695,288012.8,164991.43924,0
1704451920000,0.5727,0.5727,0.5712,0.5724,3413627.9,1704451979999,1952466.08342,2020,1531561.1,876106.26518,0
1704451980000,0.5724,0.5730,0.5721,0.5727,642316.5,1704452039999,367755.75301,556,428444.7,245307.89005,0
1704452040000,0.5728,0.5729,0.5723,0.5727,800402.1,1704452099999,458299.00917,506,378495.0,216724.36768,0
1704452100000,0.5726,0.5728,0.5715,0.5717,827024.4,1704452159999,473215.85896,595,335720.8,192097.83182,0
1704452160000,0.5718,0.5718,0.5705,0.5712,2084716.2,1704452219999,1190552.14895,1534,839647.5,479531.81677,0
1704452220000,0.5712,0.5716,0.5703,0.5711,1575508.6,1704452279999,899501.54821,1117,802691.9,458334.66871,0
1704452280000,0.5711,0.5712,0.5683,0.5690,8375688.7,1704452339999,4769801.48969,5036,3416133.4,1945789.55249,0
1704452340000,0.5690,0.5699,0.5650,0.5699,14453098.4,1704452399999,8207550.25178,9521,6839097.1,3885271.80045,0
1704452400000,0.5697,0.5704,0.5691,0.5704,3229868.7,1704452459999,1840134.79192,2035,1524444.4,868670.14332,0
1704452460000,0.5703,0.5705,0.5701,0.5703,1805380.5,1704452519999,1029591.03906,928,835729.3,476647.51470,0
1704452520000,0.5703,0.5703,0.5692,0.5700,2388912.1,1704452579999,1361067.18816,1372,765819.2,436378.48493,0
1704452580000,0.5699,0.5703,0.5695,0.5700,1251285.5,1704452639999,713154.27037,902,547601.2,312112.81098,0
1704452640000,0.5699,0.5702,0.5699,0.5701,585776.2,1704452699999,333918.83407,418,259049.1,147676.51882,0
1704452700000,0.5701,0.5706,0.5700,0.5706,790941.1,1704452759999,451095.31355,441,594668.2,339160.99562,0
1704452760000,0.5706,0.5711,0.5695,0.5698,2060421.3,1704452819999,1175087.77617,1382,758814.5,432754.59846,0
1704452820000,0.5698,0.5701,0.5694,0.5699,1273550.1,1704452879999,725555.44302,761,335822.0,191347.13130,0
1704452880000,0.5700,0.5701,0.5691,0.5699,1004370.6,1704452939999,572020.29582,653,569914.8,324585.10616,0
1704452940000,0.5700,0.5703,0.5695,0.5697,948309.9,1704452999999,540391.25141,626,502594.4,286386.85825,0
1704453000000,0.5698,0.5699,0.5693,0.5694,880596.5,1704453059999,501623.45598,579,473814.3,269922.60604,0
1704453060000,0.5694,0.5694,0.5676,0.5679,1827452.1,1704453119999,1038683.38922,1354,480768.1,273253.52680,0
1704453120000,0.5679,0.5681,0.5667,0.5680,2471172.5,1704453179999,1402223.28659,1984,1190872.7,675838.06786,0
1704453180000,0.5681,0.5694,0.5680,0.5691,921502.7,1704453239999,524084.50051,935,567086.7,322503.05588,0
1704453240000,0.5692,0.5695,0.5682,0.5685,1176318.8,1704453299999,669258.38011,781,438389.1,249467.86833,0
1704453300000,0.5686,0.5703,0.5685,0.5703,1080480.1,1704453359999,615225.91109,945,732105.1,416891.89110,0
1704453360000,0.5703,0.5710,0.5701,0.5708,1250283.6,1704453419999,713314.61229,778,835936.0,476949.05395,0
1704453420000,0.5707,0.5708,0.5701,0.5704,999054.1,1704453479999,569894.38335,630,377118.6,215111.19669,0
1704453480000,0.5703,0.5707,0.5701,0.5706,415056.2,1704453539999,236760.97969,415,261478.5,149154.67351,0
1704453540000,0.5705,0.5706,0.5702,0.5703,457574.2,1704453599999,261000.51624,501,155171.7,88517.18661,0
1704453600000,0.5703,0.5710,0.5701,0.5709,721698.9,1704453659999,411851.52625,558,501515.0,286220.61643,0
1704453660000,0.5710,0.5711,0.5706,0.5711,443300.9,1704453719999,253044.44744,371,151871.7,86698.55291,0
1704453720000,0.5710,0.5714,0.5706,0.5707,1305726.1,1704453779999,745661.18609,761,469490.6,268119.93537,0
1704453780000,0.5706,0.5709,0.5700,0.5706,1315555.5,1704453839999,750243.60636,742,518366.4,295668.13807,0
1704453840000,0.5706,0.5708,0.5704,0.5707,260700.0,1704453899999,148767.89659,282,120198.5,68590.79737,0
1704453900000,0.5708,0.5713,0.5706,0.5711,414439.7,1704453959999,236611.11034,380,208532.5,119046.00751,0
1704453960000,0.5710,0.5716,0.5710,0.5714,671328.8,1704454019999,383596.47167,523,291496.0,166560.30710,0
1704454020000,0.5714,0.5716,0.5713,0.5715,195489.9,1704454079999,111719.92609,223,79093.0,45202.01961,0
1704454080000,0.5714,0.5716,0.5713,0.5715,390812.2,1704454139999,223305.34581,305,119904.0,68514.63155,0
1704454140000,0.5715,0.5719,0.5713,0.5718,632733.7,1704454199999,361591.24038,572,388210.1,221858.27343,0
1704454200000,0.5718,0.5720,0.5715,0.5717,390773.1,1704454259999,223403.10145,341,132368.3,75684.66707,0
1704454260000,0.5716,0.5718,0.5713,0.5714,296613.8,1704454319999,169525.71468,313,61281.4,35030.99074,0
1704454320000,0.5713,0.5714,0.5709,0.5713,651190.7,1704454379999,371899.49006,450,241581.9,137976.98136,0
1704454380000,0.5714,0.5723,0.5714,0.5721,876723.3,1704454439999,501352.98947,651,597135.5,341489.82156,0
1704454440000,0.5722,0.5725,0.5721,0.5722,552582.2,1704454499999,316275.23343,466,303772.7,173880.26814,0
1704454500000,0.5722,0.5725,0.5720,0.5723,493740.5,1704454559999,282554.48197,398,244571.4,139968.09545,0
1704454560000,0.5723,0.5724,0.5718,0.5721,372455.2,1704454619999,213057.27031,327,143412.3,82045.83822,0
1704454620000,0.5722,0.5724,0.5720,0.5722,361457.1,1704454679999,206841.23030,289,210442.6,120426.63271,0
1704454680000,0.5723,0.5723,0.5716,0.5718,654539.8,1704454739999,374347.96639,482,239074.8,136725.90882,0
1704454740000,0.5718,0.5719,0.5712,0.5712,536960.4,1704454799999,306851.85266,415,173419.4,99105.99504,0
1704454800000,0.5713,0.5716,0.5703,0.5707,1152663.5,1704454859999,657966.53837,673,444358.8,253660.02641,0
1704454860000,0.5708,0.5716,0.5708,0.5715,749017.8,1704454919999,427803.51504,471,338855.2,193583.08488,0
1704454920000,0.5716,0.5718,0.5709,0.5709,245797.5,1704454979999,140480.12279,243,101955.8,58280.52045,0
1704454980000,0.5710,0.5712,0.5706,0.5709,528555.4,1704455039999,301735.31989,353,148419.4,84737.93198,0
1704455040000,0.5708,0.5710,0.5707,0.5707,129191.4,1704455099999,73747.14669,159,62769.1,35833.29984,0
1704455100000,0.5708,0.5708,0.5703,0.5706,409080.3,1704455159999,233408.72198,314,125833.9,71794.32944,0
1704455160000,0.5706,0.5707,0.5699,0.5706,984690.3,1704455219999,561540.97469,646,384675.8,219397.20978,0
1704455220000,0.5706,0.5709,0.5701,0.5702,553282.4,1704455279999,315632.76734,328,186539.7,106452.72429,0
1704455280000,0.5703,0.5706,0.5694,0.5695,886932.8,1704455339999,505473.67917,595,250009.7,142494.49123,0
1704455340000,0.5695,0.5699,0.5694,0.5698,592829.2,1704455399999,337706.48839,390,387625.8,220825.65987,0
1704455400000,0.5699,0.5706,0.5698,0.5703,877247.7,1704455459999,500252.50821,513,559223.4,318884.49301,0
1704455460000,0.5703,0.5706,0.5703,0.5705,377871.5,1704455519999,215566.54914,263,220655.6,125889.02963,0
1704455520000,0.5705,0.5705,0.5698,0.5698,435517.6,1704455579999,248285.09136,330,139979.8,79791.57788,0
1704455580000,0.5699,0.5699,0.5692,0.5693,532991.4,1704455639999,303544.07856,355,235424.9,134065.58007,0
1704455640000,0.5694,0.5694,0.5686,0.5692,1274262.0,1704455699999,725060.92312,718,663243.2,377442.23863,0
1704455700000,0.5693,0.5695,0.5678,0.5682,1651235.5,1704455759999,938493.26768,1008,568102.7,322974.64827,0
1704455760000,0.5682,0.5689,0.5676,0.5679,1171475.8,1704455819999,665864.92817,794,758743.8,431344.37447,0
1704455820000,0.5679,0.5687,0.5676,0.5687,721549.5,1704455879999,410033.06293,485,448532.5,254892.03854,0
1704455880000,0.5686,0.5690,0.5684,0.5687,329981.7,1704455939999,187653.53908,288,129540.5,73662.78190,0
1704455940000,0.5687,0.5692,0.5686,0.5692,887066.0,1704455999999,504709.72386,302,780885.8,444318.59375,0
1704456000000,0.5691,0.5696,0.5686,0.5695,559612.6,1704456059999,318467.57069,596,276395.6,157287.28478,0
1704456060000,0.5694,0.5707,0.5694,0.5706,696142.3,1704456119999,396835.91673,609,561021.9,319806.17914,0
1704456120000,0.5706,0.5714,0.5704,0.5713,1852087.7,1704456179999,1057718.91444,731,684045.1,390630.27737,0
1704456180000,0.5713,0.5717,0.5712,0.5713,499547.5,1704456239999,285471.34969,437,291313.7,166463.41660,0
1704456240000,0.5713,0.5719,0.5700,0.5701,1969977.0,1704456299999,1124431.91662,971,565341.7,322824.53822,0
1704456300000,0.5701,0.5701,0.5686,0.5687,1206114.0,1704456359999,686489.42430,975,414486.0,235906.42724,0
1704456360000,0.5687,0.5690,0.5679,0.5689,1380825.6,1704456419999,784958.36101,1072,727164.2,413440.32377,0
1704456420000,0.5689,0.5689,0.5676,0.5680,1117173.2,1704456479999,634786.69157,917,576291.7,327418.71021,0
1704456480000,0.5679,0.5682,0.5666,0.5672,2049228.6,1704456539999,1162490.48114,1618,648837.9,368091.13129,0
1704456540000,0.5673,0.5684,0.5664,0.5683,2220700.8,1704456599999,1259474.95948,1457,1336030.9,757753.66464,0
1704456600000,0.5683,0.5687,0.5671,0.5672,1441558.3,1704456659999,818433.54623,1091,456959.4,259456.92544,0
1704456660000,0.5673,0.5686,0.5673,0.5678,1427764.6,1704456719999,810845.92981,935,771491.2,438195.83540,0
1704456720000,0.5678,0.5682,0.5676,0.5678,522059.7,1704456779999,296465.86864,485,371815.2,211140.48024,0
1704456780000,0.5678,0.5685,0.5678,0.5685,489141.7,1704456839999,277912.72750,416,262912.8,149377.49242,0
1704456840000,0.5685,0.5686,0.5680,0.5686,255941.9,1704456899999,145446.30315,315,177111.3,100652.96775,0
1704456900000,0.5686,0.5693,0.5684,0.5691,492609.2,1704456959999,280249.22194,538,328067.9,186645.68694,0
1704456960000,0.5692,0.5700,0.5689,0.5700,1318485.7,1704457019999,750858.54132,796,719507.0,409791.12550,0
1704457020000,0.5699,0.5699,0.5693,0.5696,1054125.0,1704457079999,600431.44956,622,490492.5,279412.55431,0
1704457080000,0.5696,0.5697,0.5694,0.5696,539787.9,1704457139999,307449.14782,398,260502.8,148384.90022,0
1704457140000,0.5695,0.5695,0.5689,0.5692,443958.9,1704457199999,252712.34029,351,218960.4,124640.00932,0
1704457200000,0.5692,0.5702,0.5689,0.5701,989148.1,1704457259999,563384.69061,729,744338.8,423962.71174,0
1704457260000,0.5701,0.5711,0.5698,0.5708,1214866.5,1704457319999,693151.67613,937,497899.6,284056.83492,0
1704457320000,0.5708,0.5710,0.5706,0.5707,355373.7,1704457379999,202848.87929,314,185807.9,106062.47572,0
1704457380000,0.5707,0.5709,0.5707,0.5707,276903.1,1704457439999,158052.19386,267,99641.1,56877.15263,0
1704457440000,0.5708,0.5721,0.5707,0.5717,2859592.5,1704457499999,1634016.71031,2102,1503974.4,859402.85625,0
1704457500000,0.5718,0.5720,0.5713,0.5719,1133429.4,1704457559999,647966.23961,596,683911.2,390990.76652,0
1704457560000,0.5719,0.5726,0.5719,0.5724,1177587.1,1704457619999,673836.74578,920,456963.0,261485.58465,0
1704457620000,0.5725,0.5726,0.5719,0.5720,887111.8,1704457679999,507648.23996,469,240026.4,137363.21678,0
1704457680000,0.5720,0.5721,0.5715,0.5717,589116.4,1704457739999,336888.93733,372,166589.4,95283.67899,0
1704457740000,0.5717,0.5717,0.5706,0.5711,887790.5,1704457799999,506944.53062,558,410915.6,234609.35327,0
1704457800000,0.5711,0.5717,0.5708,0.5714,808834.8,1704457859999,462072.50768,430,315637.6,180318.08976,0
1704457860000,0.5715,0.5721,0.5712,0.5720,716744.1,1704457919999,409712.18790,467,481830.1,275453.33033,0
1704457920000,0.5720,0.5722,0.5715,0.5716,459384.9,1704457979999,262731.75301,351,244813.9,140019.83037,0
1704457980000,0.5716,0.5719,0.5715,0.5717,205263.9,1704458039999,117354.01622,193,124532.6,71200.13310,0
1704458040000,0.5718,0.5719,0.5712,0.5714,449319.0,1704458099999,256782.84024,302,307653.9,175818.38047,0
1704458100000,0.5715,0.5715,0.5711,0.5713,251527.3,1704458159999,143702.85201,236,102086.7,58325.89997,0
1704458160000,0.5713,0.5715,0.5711,0.5714,192919.2,1704458219999,110219.66253,172,129741.7,74123.82873,0
1704458220000,0.5714,0.5715,0.5710,0.5711,259485.8,1704458279999,148206.10720,214,66342.9,37894.70999,0
1704458280000,0.5711,0.5716,0.5710,0.5712,339359.0,1704458339999,193894.67167,196,194529.4,111141.52191,0
1704458340000,0.5712,0.5717,0.5712,0.5717,339730.5,1704458399999,194137.48568,210,254195.1,145259.31083,0
1704458400000,0.5716,0.5717,0.5710,0.5711,333334.3,1704458459999,190459.26089,275,103156.3,58937.68835,0
1704458460000,0.5710,0.5712,0.5707,0.5710,739261.7,1704458519999,422094.85284,307,495744.6,283047.01903,0
1704458520000,0.5711,0.5711,0.5703,0.5704,393195.2,1704458579999,224322.85598,342,148638.1,84795.06795,0
1704458580000,0.5705,0.5712,0.5701,0.5710,637823.8,1704458639999,363983.02049,373,384088.2,219257.58751,0
1704458640000,0.5709,0.5711,0.5707,0.5707,219675.9,1704458699999,125421.01189,168,71747.9,40965.84298,0
1704458700000,0.5708,0.5709,0.5704,0.5704,318762.5,1704458759999,181901.53076,291,102495.4,58499.44749,0
1704458760000,0.5704,0.5710,0.5704,0.5704,559915.9,1704458819999,319540.52230,423,210953.2,120398.71011,0
1704458820000,0.5705,0.5707,0.5703,0.5703,481366.5,1704458879999,274618.07055,336,198936.8,113494.66336,0
1704458880000,0.5703,0.5704,0.5698,0.5699,687386.5,1704458939999,391862.51171,415,137455.1,78380.90071,0
1704458940000,0.5698,0.5705,0.5695,0.5704,676218.0,1704458999999,385425.28538,426,452635.5,257989.51419,0
1704459000000,0.5704,0.5708,0.5700,0.5706,595223.3,1704459059999,339605.45083,414,340644.7,194353.98426,0
1704459060000,0.5706,0.5708,0.5700,0.5702,383064.0,1704459119999,218489.56960,286,168598.8,96144.82950,0
1704459120000,0.5703,0.5703,0.5700,0.5702,215846.2,1704459179999,123054.44705,228,116291.6,66298.58007,0
1704459180000,0.5702,0.5704,0.5699,0.5704,544832.9,1704459239999,310704.28380,301,391075.6,223017.84441,0
1704459240000,0.5704,0.5709,0.5704,0.5707,223945.1,1704459299999,127791.42475,201,114520.4,65349.63289,0
1704459300000,0.5707,0.5709,0.5706,0.5706,255071.3,1704459359999,145565.16015,249,152999.6,87316.00392,0
1704459360000,0.5706,0.5711,0.5706,0.5709,157932.2,1704459419999,90170.46088,187,102466.2,58502.12842,0
1704459420000,0.5709,0.5712,0.5708,0.5709,282399.9,1704459479999,161265.86283,269,121546.2,69411.39174,0
1704459480000,0.5709,0.5710,0.5705,0.5705,419225.8,1704459539999,239239.25249,315,118237.6,67475.10641,0
1704459540000,0.5706,0.5709,0.5704,0.5709,275097.0,1704459599999,156971.19372,212,180714.3,103120.84269,0
1704459600000,0.5708,0.5711,0.5707,0.5708,466642.5,1704459659999,266421.63641,461,198374.1,113260.70136,0
1704459660000,0.5709,0.5709,0.5704,0.5706,252749.0,1704459719999,144224.72929,233,118912.7,67852.96193,0
1704459720000,0.5705,0.5714,0.5705,0.5714,112456.9,1704459779999,64207.87818,219,103064.8,58844.81890,0
1704459780000,0.5715,0.5726,0.5715,0.5722,975028.8,1704459839999,557900.16102,802,515630.9,294962.42789,0
1704459840000,0.5721,0.5723,0.5717,0.5720,591536.8,1704459899999,338372.05512,369,235485.2,134707.42221,0
1704459900000,0.5720,0.5720,0.5715,0.5718,392576.9,1704459959999,224449.63732,322,162191.3,92725.38792,0
1704459960000,0.5718,0.5718,0.5712,0.5716,331311.9,1704460019999,189358.00511,275,124362.5,71072.77593,0
1704460020000,0.5715,0.5720,0.5714,0.5718,337281.1,1704460079999,192855.89925,233,234863.8,134295.67136,0
1704460080000,0.5718,0.5719,0.5714,0.5715,154172.2,1704460139999,88130.21955,146,62548.3,35760.61939,0
1704460140000,0.5714,0.5716,0.5711,0.5715,481159.1,1704460199999,274925.69809,358,318163.3,181797.58755,0
1704460200000,0.5714,0.5719,0.5714,0.5718,252550.8,1704460259999,144376.56002,227,127925.1,73135.36121,0
1704460260000,0.5718,0.5718,0.5713,0.5716,341629.3,1704460319999,195251.08777,260,165928.6,94830.94989,0
1704460320000,0.5716,0.5717,0.5713,0.5714,228707.6,1704460379999,130707.94400,168,96119.7,54936.30695,0
1704460380000,0.5715,0.5715,0.5709,0.5711,263942.0,1704460439999,150751.55837,278,92896.5,53053.94280,0
1704460440000,0.5711,0.5717,0.5710,0.5715,394486.2,1704460499999,225355.00275,234,112474.8,64263.75312,0
1704460500000,0.5715,0.5720,0.5713,0.5714,505768.5,1704460559999,289110.27795,311,192951.8,110300.92690,0
1704460560000,0.5714,0.5714,0.5708,0.5713,527603.1,1704460619999,301340.95673,319,190192.9,108625.30758,0
1704460620000,0.5714,0.5722,0.5713,0.5719,422475.5,1704460679999,241626.70639,411,265186.5,151660.48892,0
1704460680000,0.5720,0.5720,0.5713,0.5713,408742.7,1704460739999,233650.80576,328,152643.6,87253.59216,0
1704460740000,0.5714,0.5714,0.5709,0.5713,452452.3,1704460799999,258401.78459,294,245183.5,140030.50580,0
1704460800000,0.5713,0.5714,0.5711,0.5713,197161.4,1704460859999,112623.59021,173,137579.4,78590.76229,0
1704460860000,0.5714,0.5715,0.5711,0.5713,477088.1,1704460919999,272553.17766,288,333096.8,190300.20958,0
1704460920000,0.5713,0.5716,0.5713,0.5713,290380.9,1704460979999,165923.71691,247,167141.7,95506.99583,0
1704460980000,0.5712,0.5713,0.5706,0.5706,352167.5,1704461039999,201065.76055,254,38807.0,22162.43468,0
1704461040000,0.5706,0.5707,0.5700,0.5702,596927.7,1704461099999,340429.38720,458,226687.3,129270.04370,0
1704461100000,0.5703,0.5703,0.5696,0.5699,929537.3,1704461159999,529694.97985,510,316927.6,180607.16362,0
1704461160000,0.5699,0.5700,0.5697,0.5700,366752.6,1704461219999,208984.47105,276,263150.4,149950.69288,0
1704461220000,0.5699,0.5700,0.5696,0.5696,256639.9,1704461279999,146214.53821,246,166895.1,95082.94605,0
1704461280000,0.5697,0.5697,0.5689,0.5696,1413975.2,1704461339999,804987.41683,836,661210.4,376439.64457,0
1704461340000,0.5695,0.5699,0.5694,0.5698,467444.7,1704461399999,266290.78051,334,202563.6,115387.38042,0
1704461400000,0.5697,0.5697,0.5674,0.5691,5441738.6,1704461459999,3094153.09842,2936,2264203.6,1287374.81555,0
1704461460000,0.5691,0.5696,0.5675,0.5678,3228257.7,1704461519999,1834686.49926,2020,1532053.9,870772.04089,0
1704461520000,0.5678,0.5703,0.5677,0.5703,1503652.3,1704461579999,855760.06469,983,1064289.6,605768.60246,0
1704461580000,0.5703,0.5703,0.5693,0.5695,926027.9,1704461639999,527585.79039,797,486303.5,277079.98631,0
1704461640000,0.5695,0.5701,0.5685,0.5696,1645096.5,1704461699999,936437.27724,1053,1019706.1,580402.57809,0
1704461700000,0.5696,0.5702,0.5680,0.5682,2227184.8,1704461759999,1267863.82514,1211,942400.4,536514.32427,0
1704461760000,0.5683,0.5694,0.5681,0.5681,1143044.9,1704461819999,650301.74941,746,584853.7,332723.13114,0
1704461820000,0.5682,0.5695,0.5680,0.5689,1352387.6,1704461879999,769150.92746,847,745439.0,423935.49669,0
1704461880000,0.5690,0.5692,0.5688,0.5688,659429.4,1704461939999,375204.98630,410,300921.8,171211.08098,0
1704461940000,0.5689,0.5691,0.5684,0.5690,706704.1,1704461999999,402003.56411,418,465021.4,264522.74516,0
1704462000000,0.5690,0.5697,0.5687,0.5694,918157.4,1704462059999,522701.87501,567,505167.6,287563.65316,0
1704462060000,0.5695,0.5697,0.5689,0.5690,328378.8,1704462119999,186928.25154,330,172265.9,98052.16189,0
1704462120000,0.5690,0.5695,0.5688,0.5693,456651.3,1704462179999,259899.27876,362,299146.7,170268.48238,0
1704462180000,0.5693,0.5697,0.5692,0.5695,640156.9,1704462239999,364519.31392,422,213959.7,121838.12287,0
1704462240000,0.5696,0.5700,0.5694,0.5698,779807.8,1704462299999,444344.33386,509,309722.3,176499.04093,0
1704462300000,0.5698,0.5698,0.5690,0.5693,403179.4,1704462359999,229570.67763,321,85367.1,48605.85614,0
1704462360000,0.5693,0.5693,0.5687,0.5688,494829.9,1704462419999,281576.56291,446,127037.1,72284.95671,0
1704462420000,0.5687,0.5689,0.5682,0.5683,604638.6,1704462479999,343708.46024,462,265126.1,150716.77610,0
1704462480000,0.5682,0.5683,0.5677,0.5680,1436235.3,1704462539999,815750.19734,649,357047.6,202815.11815,0
1704462540000,0.5680,0.5682,0.5677,0.5681,545010.5,1704462599999,309547.56444,386,307203.7,174491.13949,0
1704462600000,0.5681,0.5690,0.5681,0.5688,1491797.4,1704462659999,848191.46294,853,1072481.9,609727.83857,0
1704462660000,0.5687,0.5688,0.5682,0.5686,805669.6,1704462719999,458028.70965,457,351133.9,199624.97046,0
1704462720000,0.5686,0.5688,0.5679,0.5688,1244670.4,1704462779999,707400.56933,674,743129.6,422372.13788,0
1704462780000,0.5688,0.5702,0.5687,0.5700,1065873.1,1704462839999,607046.26519,754,627028.0,357094.45476,0
1704462840000,0.5700,0.5701,0.5693,0.5694,526208.1,1704462899999,299775.68315,408,308796.6,175929.03072,0
1704462900000,0.5694,0.5697,0.5691,0.5693,716521.2,1704462959999,407996.87480,481,322042.3,183389.90210,0
1704462960000,0.5694,0.5697,0.5692,0.5697,330758.6,1704463019999,188369.50584,314,211247.3,120308.23970,0
1704463020000,0.5697,0.5703,0.5697,0.5703,379000.5,1704463079999,216008.64200,290,292943.7,166961.72449,0
1704463080000,0.5703,0.5704,0.5701,0.5703,332103.5,1704463139999,189384.03313,242,175787.5,100246.63541,0
1704463140000,0.5702,0.5707,0.5702,0.5706,499239.6,1704463199999,284843.90717,381,378246.9,215810.85898,0
1704463200000,0.5706,0.5716,0.5703,0.5715,750893.2,1704463259999,428558.43976,750,443556.6,253228.67907,0
1704463260000,0.5715,0.5718,0.5710,0.5715,866162.8,1704463319999,494938.40096,640,412613.7,235776.93593,0
1704463320000,0.5714,0.5719,0.5712,0.5716,513331.5,1704463379999,293378.93158,445,232607.9,132932.96295,0
1704463380000,0.5716,0.5716,0.5706,0.5709,754369.6,1704463439999,430732.25476,489,337107.9,192448.45477,0
1704463440000,0.5709,0.5709,0.5705,0.5706,580364.7,1704463499999,331213.29453,359,193052.5,110170.45055,0
1704463500000,0.5707,0.5714,0.5707,0.5709,721992.9,1704463559999,412226.71678,479,458068.5,261507.54615,0
1704463560000,0.5709,0.5711,0.5707,0.5710,213908.6,1704463619999,122118.12711,143,103033.9,58827.66357,0
1704463620000,0.5711,0.5711,0.5701,0.5703,491532.7,1704463679999,280450.99453,365,163752.1,93441.44785,0
1704463680000,0.5704,0.5707,0.5703,0.5703,368502.7,1704463739999,210240.37280,240,157897.7,90085.71961,0
1704463740000,0.5703,0.5704,0.5694,0.5698,702076.2,1704463799999,400018.81807,454,286410.2,163170.09685,0
1704463800000,0.5697,0.5697,0.5691,0.5693,720260.4,1704463859999,410121.11175,522,329655.2,187699.20017,0
1704463860000,0.5694,0.5694,0.5688,0.5688,702945.7,1704463919999,400029.61459,448,347775.6,197918.71407,0
1704463920000,0.5687,0.5693,0.5684,0.5689,1032915.9,1704463979999,587600.46279,634,586005.6,333383.98338,0
1704463980000,0.5689,0.5692,0.5686,0.5690,436221.2,1704464039999,248160.93766,325,298366.0,169745.13808,0
1704464040000,0.5691,0.5693,0.5688,0.5689,294822.3,1704464099999,167766.55480,259,123519.9,70287.48265,0
1704464100000,0.5689,0.5692,0.5685,0.5692,795325.0,1704464159999,452389.20721,515,423444.6,240864.73450,0
1704464160000,0.5692,0.5692,0.5683,0.5685,580637.9,1704464219999,330194.16019,377,205583.0,116895.32635,0
1704464220000,0.5685,0.5686,0.5680,0.5680,426857.9,1704464279999,242587.85934,406,220075.2,125085.25478,0
1704464280000,0.5681,0.5684,0.5680,0.5682,365836.6,1704464339999,207877.74403,269,286169.9,162616.68030,0
1704464340000,0.5682,0.5686,0.5679,0.5679,616830.6,1704464399999,350504.79787,352,121628.2,69112.86370,0
1704464400000,0.5680,0.5680,0.5640,0.5650,11371167.7,1704464459999,6432904.32287,6915,4882674.9,2762598.23994,0
1704464460000,0.5650,0.5667,0.5645,0.5656,4968970.8,1704464519999,2810271.03381,2810,2692612.2,1522952.83987,0
1704464520000,0.5655,0.5672,0.5655,0.5668,3368299.8,1704464579999,1907176.23245,1530,1664267.2,942261.68051,0
1704464580000,0.5668,0.5671,0.5658,0.5660,1919470.4,1704464639999,1086894.88951,1106,703411.1,398354.90363,0
1704464640000,0.5660,0.5669,0.5653,0.5662,1467455.6,1704464699999,830830.18648,1062,794536.1,449877.51211,0
1704464700000,0.5662,0.5672,0.5656,0.5669,1473756.9,1704464759999,834624.40441,898,909610.8,515164.47334,0
1704464760000,0.5669,0.5673,0.5664,0.5667,1026154.5,1704464819999,581669.32295,741,495577.6,280918.95956,0
1704464820000,0.5667,0.5667,0.5660,0.5662,615942.8,1704464879999,348844.05326,430,285740.5,161810.84381,0
1704464880000,0.5662,0.5665,0.5656,0.5663,905165.1,1704464939999,512488.61811,614,433797.7,245630.10243,0
1704464940000,0.5663,0.5665,0.5657,0.5660,470072.4,1704464999999,266058.17162,368,183993.8,104149.27718,0
1704465000000,0.5661,0.5673,0.5658,0.5666,1505772.8,1704465059999,853422.06764,917,959729.1,543873.42351,0
1704465060000,0.5667,0.5672,0.5663,0.5670,606853.8,1704465119999,343941.22789,522,272222.3,154277.11513,0
1704465120000,0.5670,0.5677,0.5670,0.5677,501569.0,1704465179999,284575.16152,465,298666.1,169435.55813,0
1704465180000,0.5676,0.5679,0.5666,0.5670,996880.5,1704465239999,565490.07220,654,389394.9,220849.06290,0
1704465240000,0.5670,0.5674,0.5666,0.5669,1024113.9,1704465299999,580653.31998,548,388490.9,220250.78126,0
1704465300000,0.5669,0.5669,0.5629,0.5637,5490449.3,1704465359999,3098579.45948,3497,2243893.4,1266118.78583,0
1704465360000,0.5636,0.5660,0.5635,0.5654,5496212.3,1704465419999,3102651.68694,2764,3146753.4,1776481.49121,0
1704465420000,0.5655,0.5673,0.5650,0.5668,1422554.6,1704465479999,805832.81101,1225,963952.1,545963.63581,0
1704465480000,0.5667,0.5667,0.5653,0.5661,1684817.4,1704465539999,953699.26748,1008,630533.7,356850.36892,0
1704465540000,0.5661,0.5662,0.5652,0.5653,1161897.4,1704465599999,657227.30541,751,603591.1,341452.92145,0
1704465600000,0.5653,0.5655,0.5645,0.5646,1588922.1,1704465659999,897790.72236,997,880831.1,497721.38910,0
1704465660000,0.5645,0.5655,0.5644,0.5653,1133604.3,1704465719999,640587.32943,780,607806.3,343480.90517,0
1704465720000,0.5652,0.5654,0.5595,0.5619,8673302.1,1704465779999,4876845.36460,6713,3446886.8,1938889.13810,0
1704465780000,0.5620,0.5648,0.5616,0.5642,11858028.0,1704465839999,6685207.89404,7623,6430242.6,3625428.11479,0
1704465840000,0.5642,0.5655,0.5642,0.5651,2411850.5,1704465899999,1362525.46659,1895,1175181.0,663905.58079,0
1704465900000,0.5651,0.5665,0.5650,0.5665,1973235.5,1704465959999,1116124.23370,1504,1164820.0,658986.99855,0
1704465960000,0.5664,0.5664,0.5646,0.5651,1016350.4,1704466019999,574681.98202,894,370097.2,209237.47140,0
1704466020000,0.5651,0.5651,0.5643,0.5647,775846.2,1704466079999,438061.67447,655,339144.6,191499.63636,0
1704466080000,0.5648,0.5648,0.5640,0.5647,798845.0,1704466139999,450828.53118,606,315746.9,178200.38602,0
1704466140000,0.5646,0.5654,0.5637,0.5654,1657985.8,1704466199999,935986.35763,1140,676998.9,382297.49892,0
1704466200000,0.5654,0.5658,0.5645,0.5647,1047011.5,1704466259999,591605.87904,947,553866.1,312965.21797,0
1704466260000,0.5646,0.5647,0.5640,0.5640,910549.0,1704466319999,513812.65744,639,407841.7,230149.18260,0
1704466320000,0.5641,0.5641,0.5628,0.5629,1019333.1,1704466379999,574335.35628,862,446876.4,251835.67229,0
1704466380000,0.5630,0.5637,0.5628,0.5633,1165825.9,1704466439999,656709.05033,738,753454.1,424420.79390,0
1704466440000,0.5633,0.5637,0.5630,0.5633,572593.3,1704466499999,322561.12923,489,269424.3,151773.11674,0
1704466500000,0.5633,0.5639,0.5632,0.5635,583641.6,1704466559999,328903.94360,510,272566.6,153599.37056,0
1704466560000,0.5636,0.5636,0.5623,0.5623,1195159.4,1704466619999,672600.10270,935,418248.0,235435.41212,0
1704466620000,0.5623,0.5627,0.5612,0.5613,1824606.5,1704466679999,1025200.91198,1495,674203.5,378905.55777,0
1704466680000,0.5613,0.5620,0.5607,0.5608,1831681.3,1704466739999,1027941.07827,1375,780434.2,438073.01848,0
1704466740000,0.5608,0.5609,0.5591,0.5607,6942809.8,1704466799999,3887227.30050,5249,3020522.7,1691398.66628,0
1704466800000,0.5607,0.5624,0.5606,0.5619,3308969.0,1704466859999,1858673.83558,2445,1672912.1,939680.75461,0
1704466860000,0.5619,0.5630,0.5607,0.5630,1920416.8,1704466919999,1078970.49086,1606,990825.4,556681.52369,0
1704466920000,0.5630,0.5636,0.5625,0.5635,1678465.6,1704466979999,945192.83992,1812,943878.2,531508.58173,0
1704466980000,0.5635,0.5641,0.5632,0.5641,1130199.0,1704467039999,636997.51845,976,549424.3,309691.14156,0
1704467040000,0.5640,0.5644,0.5635,0.5638,1357342.5,1704467099999,765412.27728,892,643633.1,362900.88958,0
1704467100000,0.5638,0.5645,0.5635,0.5642,936419.9,1704467159999,528092.40187,681,497739.0,280687.42129,0
1704467160000,0.5641,0.5650,0.5640,0.5649,1474633.1,1704467219999,832553.09569,1021,955096.5,539263.68230,0
1704467220000,0.5649,0.5649,0.5644,0.5646,575568.2,1704467279999,324991.55250,449,160725.2,90753.36237,0
1704467280000,0.5646,0.5648,0.5638,0.5642,1178263.3,1704467339999,664859.77574,686,727047.3,410226.47314,0
1704467340000,0.5642,0.5644,0.5641,0.5644,403823.0,1704467399999,227878.27510,321,174618.2,98539.17304,0
1704467400000,0.5643,0.5648,0.5640,0.5646,1149813.1,1704467459999,648913.61832,609,582359.8,328689.99201,0
1704467460000,0.5647,0.5657,0.5647,0.5657,1739929.0,1704467519999,983160.85545,1011,944721.4,533877.32710,0
1704467520000,0.5656,0.5656,0.5649,0.5651,947895.3,1704467579999,535711.72757,638,400437.0,226312.62869,0
1704467580000,0.5651,0.5651,0.5645,0.5650,747846.5,1704467639999,422412.07967,499,464705.8,262484.63236,0
1704467640000,0.5649,0.5650,0.5645,0.5649,659470.9,1704467699999,372469.33812,493,302383.7,170787.01803,0
1704467700000,0.5648,0.5651,0.5645,0.5646,429073.6,1704467759999,242313.02400,421,161342.1,91122.57203,0
1704467760000,0.5646,0.5649,0.5641,0.5641,604133.2,1704467819999,340973.15429,465,185597.0,104769.51042,0
1704467820000,0.5641,0.5649,0.5641,0.5643,540718.7,1704467879999,305247.97564,460,239203.4,135013.16888,0
1704467880000,0.5643,0.5643,0.5631,0.5632,705089.4,1704467939999,397311.97359,606,288094.8,162291.99555,0
1704467940000,0.5631,0.5633,0.5625,0.5629,1008711.3,1704467999999,567829.45905,680,444741.3,250356.74331,0
1704468000000,0.5629,0.5630,0.5606,0.5609,3850845.6,1704468059999,2162293.79085,2496,1869187.5,1049404.97343,0
1704468060000,0.5609,0.5635,0.5599,0.5629,5658217.0,1704468119999,3179357.10258,3318,3068151.7,1723819.62480,0
1704468120000,0.5630,0.5643,0.5630,0.5642,2028373.7,1704468179999,1143126.58259,1162,1108834.9,624850.00643,0
1704468180000,0.5642,0.5648,0.5639,0.5644,1687237.1,1704468239999,952177.34133,993,1015739.5,573221.24932,0
1704468240000,0.5645,0.5649,0.5644,0.5645,481619.2,1704468299999,271967.91185,420,306223.9,172923.77002,0
1704468300000,0.5645,0.5650,0.5644,0.5650,560920.5,1704468359999,316728.13039,503,313099.0,176802.57151,0
1704468360000,0.5650,0.5650,0.5641,0.5642,672616.8,1704468419999,379618.35229,467,290338.8,163846.06664,0
1704468420000,0.5643,0.5643,0.5635,0.5636,628970.9,1704468479999,354615.30878,476,292500.1,164918.88039,0
1704468480000,0.5636,0.5642,0.5633,0.5638,1347770.5,1704468539999,759979.43701,557,1120393.8,631776.56832,0
1704468540000,0.5639,0.5639,0.5632,0.5633,563226.7,1704468599999,317380.30458,430,200278.6,112856.00131,0
1704468600000,0.5633,0.5638,0.5624,0.5624,895486.5,1704468659999,504241.65904,713,242640.0,136705.73626,0
1704468660000,0.5625,0.5637,0.5623,0.5634,826149.7,1704468719999,465207.92890,644,437859.0,246550.01359,0
1704468720000,0.5633,0.5638,0.5632,0.5637,620749.2,1704468779999,349868.49394,489,399340.5,225073.08466,0
1704468780000,0.5637,0.5642,0.5637,0.5641,231981.7,1704468839999,130815.20286,356,135733.1,76537.69628,0
1704468840000,0.5642,0.5644,0.5638,0.5642,273505.7,1704468899999,154306.20546,426,162822.7,91870.97526,0
1704468900000,0.5642,0.5647,0.5641,0.5645,375574.3,1704468959999,211974.04089,389,212573.5,119977.66422,0
1704468960000,0.5644,0.5645,0.5641,0.5642,682461.0,1704469019999,385129.06938,452,359351.7,202799.07833,0
1704469020000,0.5643,0.5643,0.5637,0.5640,426527.1,1704469079999,240564.31932,336,67342.5,37982.85259,0
1704469080000,0.5641,0.5647,0.5640,0.5646,419672.2,1704469139999,236795.77118,273,320428.0,180804.47590,0
1704469140000,0.5647,0.5652,0.5644,0.5645,685924.1,1704469199999,387377.87770,478,184449.4,104189.14346,0
1704469200000,0.5645,0.5645,0.5641,0.5644,370804.4,1704469259999,209263.61402,327,182109.0,102778.00920,0
1704469260000,0.5644,0.5645,0.5643,0.5643,290063.2,1704469319999,163708.01319,298,144446.8,81529.38004,0
1704469320000,0.5643,0.5646,0.5642,0.5643,242265.3,1704469379999,136727.72886,261,103962.1,58672.62244,0
1704469380000,0.5642,0.5643,0.5632,0.5633,384582.3,1704469439999,216818.77531,367,67216.7,37881.20700,0
1704469440000,0.5632,0.5633,0.5623,0.5623,1634201.2,1704469499999,919613.82816,984,862053.6,485110.76863,0
1704469500000,0.5624,0.5633,0.5624,0.5626,559185.6,1704469559999,314773.05054,534,279274.6,157218.12621,0
1704469560000,0.5625,0.5632,0.5619,0.5632,1121581.6,1704469619999,630864.61023,758,533685.8,300218.87471,0
1704469620000,0.5631,0.5633,0.5624,0.5626,565916.9,1704469679999,318584.36131,416,283730.3,159756.36369,0
1704469680000,0.5627,0.5629,0.5624,0.5628,288498.5,1704469739999,162343.49700,275,139758.2,78640.90422,0
1704469740000,0.5629,0.5633,0.5629,0.5632,521649.5,1704469799999,293743.46420,394,316224.5,178063.50669,0
1704469800000,0.5633,0.5633,0.5623,0.5626,648909.4,1704469859999,365128.05047,449,242710.2,136550.83352,0
1704469860000,0.5626,0.5634,0.5623,0.5626,772735.3,1704469919999,434890.32884,449,451579.1,254126.55346,0
1704469920000,0.5627,0.5633,0.5626,0.5630,526965.5,1704469979999,296713.26221,332,349042.7,196527.56503,0
1704469980000,0.5630,0.5631,0.5623,0.5627,574399.1,1704470039999,323246.28701,416,247940.1,139524.40183,0
1704470040000,0.5627,0.5630,0.5622,0.5628,755903.7,1704470099999,425209.93217,435,454994.3,255962.05973,0
1704470100000,0.5628,0.5628,0.5621,0.5622,738326.9,1704470159999,415182.02098,445,431843.4,242841.17490,0
1704470160000,0.5623,0.5630,0.5623,0.5628,251995.3,1704470219999,141795.51052,268,154210.0,86769.48640,0
1704470220000,0.5628,0.5633,0.5626,0.5627,602097.0,1704470279999,338915.82836,314,494895.7,278576.70993,0
1704470280000,0.5627,0.5633,0.5627,0.5631,606384.3,1704470339999,341387.49863,349,323401.7,182092.11437,0
1704470340000,0.5631,0.5635,0.5629,0.5634,398719.6,1704470399999,224567.17138,351,139646.3,78647.04562,0
1704470400000,0.5633,0.5643,0.5630,0.5643,646148.9,1704470459999,364153.99606,683,370844.3,209041.49817,0
1704470460000,0.5642,0.5648,0.5642,0.5646,744572.2,1704470519999,420361.46889,657,529491.1,298938.33629,0
1704470520000,0.5647,0.5649,0.5641,0.5647,1555472.1,1704470579999,878122.07269,577,311578.8,175873.43054,0
1704470580000,0.5646,0.5648,0.5643,0.5644,326781.9,1704470639999,184490.43044,341,134013.8,75664.52929,0
1704470640000,0.5643,0.5648,0.5643,0.5648,479793.8,1704470699999,270830.59726,415,241009.0,136054.59781,0
1704470700000,0.5647,0.5649,0.5634,0.5638,1504843.4,1704470759999,848705.05640,769,322464.2,181932.59285,0
1704470760000,0.5638,0.5640,0.5626,0.5629,588347.5,1704470819999,331288.52559,517,208770.9,117559.47060,0
1704470820000,0.5629,0.5632,0.5624,0.5629,768266.5,1704470879999,432422.57027,514,398229.6,224145.82620,0
1704470880000,0.5630,0.5638,0.5629,0.5638,543523.1,1704470939999,306227.92469,377,369049.8,207909.44098,0
1704470940000,0.5639,0.5641,0.5638,0.5640,241242.1,1704470999999,136046.66069,231,141023.4,79530.92235,0
1704471000000,0.5640,0.5642,0.5636,0.5638,559107.3,1704471059999,315272.81407,394,337433.8,190274.83519,0
1704471060000,0.5638,0.5650,0.5638,0.5650,1720972.1,1704471119999,971276.68116,705,1232158.7,695353.10958,0
1704471120000,0.5650,0.5651,0.5647,0.5651,333723.6,1704471179999,188522.72950,285,177279.2,100153.68021,0
1704471180000,0.5651,0.5651,0.5648,0.5649,83916.6,1704471239999,47409.80663,173,26317.9,14870.24707,0
1704471240000,0.5648,0.5654,0.5648,0.5654,1087718.8,1704471299999,614682.67581,448,826256.0,466900.05624,0
1704471300000,0.5654,0.5664,0.5653,0.5664,872171.5,1704471359999,493594.83909,1379,554223.1,313636.76984,0
1704471360000,0.5663,0.5666,0.5660,0.5662,1289259.6,1704471419999,730065.78406,718,577709.1,327154.87146,0
1704471420000,0.5662,0.5663,0.5657,0.5661,662219.8,1704471479999,374781.50411,436,249073.2,140971.21915,0
1704471480000,0.5661,0.5661,0.5658,0.5659,643297.6,1704471539999,364113.10640,433,155601.4,88071.07005,0
1704471540000,0.5659,0.5662,0.5656,0.5656,591509.5,1704471599999,334763.62956,363,193377.7,109446.09043,0
1704471600000,0.5656,0.5658,0.5646,0.5649,1120092.7,1704471659999,632963.71172,730,426643.7,241059.97284,0
1704471660000,0.5648,0.5652,0.5647,0.5650,596659.5,1704471719999,337121.20094,386,282521.4,159606.37229,0
1704471720000,0.5650,0.5650,0.5643,0.5646,581498.8,1704471779999,328337.32507,450,356237.9,201140.01327,0
1704471780000,0.5645,0.5652,0.5645,0.5650,495774.7,1704471839999,280077.11864,328,224958.7,127085.06143,0
1704471840000,0.5649,0.5651,0.5640,0.5644,737904.6,1704471899999,416469.53888,515,369158.1,208351.35771,0
1704471900000,0.5645,0.5654,0.5641,0.5652,1322412.7,1704471959999,746459.33290,578,619997.8,349944.96216,0
1704471960000,0.5651,0.5656,0.5649,0.5653,399602.2,1704472019999,225896.47078,337,166812.5,94282.86446,0
1704472020000,0.5654,0.5658,0.5653,0.5658,425331.5,1704472079999,240580.05490,309,288100.2,162961.24715,0
1704472080000,0.5658,0.5658,0.5650,0.5652,509958.2,1704472139999,288260.29582,295,228577.9,129194.82267,0
1704472140000,0.5652,0.5653,0.5650,0.5651,289834.7,1704472199999,163800.45801,223,171025.9,96656.12582,0
1704472200000,0.5650,0.5656,0.5650,0.5655,552318.0,1704472259999,312267.13941,417,346861.6,196107.66917,0
1704472260000,0.5654,0.5655,0.5648,0.5649,324739.9,1704472319999,183563.54580,349,146551.3,82846.81391,0
1704472320000,0.5648,0.5649,0.5643,0.5644,336264.3,1704472379999,189824.77717,288,141852.3,80073.69457,0
1704472380000,0.5643,0.5645,0.5640,0.5645,661189.1,1704472439999,373091.35765,448,245343.0,138435.14921,0
1704472440000,0.5645,0.5658,0.5645,0.5658,916319.5,1704472499999,517900.83807,559,455825.5,257612.90974,0
1704472500000,0.5658,0.5658,0.5648,0.5650,674807.7,1704472559999,381402.87395,445,323905.5,183057.57109,0
1704472560000,0.5650,0.5654,0.5649,0.5649,786355.8,1704472619999,444384.50320,396,414231.9,234097.09228,0
1704472620000,0.5650,0.5656,0.5649,0.5653,362149.4,1704472679999,204727.62020,280,108045.3,61077.92852,0
1704472680000,0.5654,0.5656,0.5653,0.5655,254363.1,1704472739999,143834.34874,218,181472.6,102621.77209,0
1704472740000,0.5655,0.5658,0.5653,0.5657,392371.2,1704472799999,221911.42559,261,224929.0,127210.86777,0
1704472800000,0.5657,0.5657,0.5647,0.5650,1077520.8,1704472859999,609022.87955,447,377364.9,213198.16600,0
1704472860000,0.5649,0.5653,0.5645,0.5649,696277.6,1704472919999,393309.05562,362,348658.9,196936.17276,0
1704472920000,0.5649,0.5659,0.5649,0.5658,1181569.0,1704472979999,668073.11112,506,846104.9,478360.86177,0
1704472980000,0.5659,0.5660,0.5651,0.5651,1934819.8,1704473039999,1094332.31993,425,306053.3,173179.70722,0
1704473040000,0.5651,0.5654,0.5649,0.5650,539920.3,1704473099999,305165.32651,291,344710.0,194845.86266,0
1704473100000,0.5649,0.5656,0.5648,0.5654,535538.7,1704473159999,302647.30598,337,377941.1,213568.55885,0
1704473160000,0.5653,0.5654,0.5646,0.5647,490799.7,1704473219999,277216.80135,361,213638.7,120667.98755,0
1704473220000,0.5647,0.5650,0.5645,0.5646,623937.2,1704473279999,352385.06419,349,330898.2,186907.76143,0
1704473280000,0.5646,0.5646,0.5629,0.5630,1927669.1,1704473339999,1086119.74082,1086,836662.8,471239.39192,0
1704473340000,0.5629,0.5632,0.5618,0.5628,2428830.5,1704473399999,1366189.88582,1472,1337405.8,752324.80571,0
1704473400000,0.5628,0.5640,0.5627,0.5634,1242560.2,1704473459999,700046.71915,908,794261.3,447485.98066,0
1704473460000,0.5634,0.5636,0.5629,0.5636,697335.8,1704473519999,392781.49010,517,302059.7,170144.72337,0
1704473520000,0.5636,0.5640,0.5634,0.5635,814721.4,1704473579999,459245.81940,459,382538.8,215647.24256,0
1704473580000,0.5635,0.5636,0.5630,0.5632,709305.7,1704473639999,399517.76402,387,293621.6,165392.28459,0
1704473640000,0.5632,0.5635,0.5628,0.5634,1017211.7,1704473699999,572859.28553,529,693596.0,390592.99223,0
1704473700000,0.5634,0.5634,0.5618,0.5626,1094299.5,1704473759999,615332.01728,763,371511.3,208907.84233,0
1704473760000,0.5625,0.5625,0.5610,0.5614,1677668.2,1704473819999,942030.34184,1192,799202.3,448740.33601,0
1704473820000,0.5614,0.5619,0.5612,0.5614,1118438.8,1704473879999,628116.07136,715,663560.8,372670.33423,0
1704473880000,0.5614,0.5619,0.5605,0.5607,940723.4,1704473939999,527907.41898,782,490163.4,275111.18452,0
1704473940000,0.5607,0.5608,0.5588,0.5593,8470300.5,1704473999999,4741829.36749,4486,4631607.2,2592837.34818,0
1704474000000,0.5594,0.5617,0.5594,0.5603,4439040.7,1704474059999,2489201.02562,2466,2267183.2,1271444.74771,0
1704474060000,0.5603,0.5618,0.5595,0.5618,4262043.3,1704474119999,2388171.49644,2441,2339760.0,1311154.92991,0
1704474120000,0.5618,0.5623,0.5605,0.5610,1953319.8,1704474179999,1097025.76392,1792,979484.3,550115.27917,0
1704474180000,0.5610,0.5615,0.5607,0.5612,803023.8,1704474239999,450512.20291,646,427353.5,239729.53431,0
1704474240000,0.5611,0.5612,0.5598,0.5601,900306.7,1704474299999,504768.26561,708,346015.8,194000.18320,0
1704474300000,0.5601,0.5601,0.5502,0.5575,15936532.6,1704474359999,8858809.18704,13392,6007077.8,3342757.21406,0
1704474360000,0.5573,0.5590,0.5557,0.5574,17046627.5,1704474419999,9505887.33587,9452,9079144.2,5063768.73425,0
1704474420000,0.5575,0.5588,0.5567,0.5588,2608748.8,1704474479999,1454836.40451,2037,1547162.8,862837.28550,0
1704474480000,0.5587,0.5588,0.5568,0.5572,1866294.5,1704474539999,1040894.43887,1630,906136.7,505317.27514,0
1704474540000,0.5573,0.5576,0.5558,0.5575,3577595.5,1704474599999,1992182.44299,2655,1939177.5,1079816.11790,0
1704474600000,0.5575,0.5594,0.5574,0.5592,3661991.4,1704474659999,2045327.85717,2215,2324442.9,1298358.69696,0
1704474660000,0.5592,0.5603,0.5587,0.5599,2494716.0,1704474719999,1396009.78854,1438,1279804.1,716141.37086,0
1704474720000,0.5599,0.5602,0.5592,0.5602,1363048.1,1704474779999,763027.30291,1083,696029.3,389614.64947,0
1704474780000,0.5601,0.5608,0.5599,0.5606,1112506.6,1704474839999,623509.53917,797,618915.1,346905.22301,0
1704474840000,0.5606,0.5612,0.5605,0.5610,777997.9,1704474899999,436365.35411,710,424091.6,237860.42300,0
1704474900000,0.5609,0.5618,0.5609,0.5613,1348923.7,1704474959999,757207.05716,1001,748880.1,420369.71910,0
1704474960000,0.5614,0.5619,0.5609,0.5619,944411.6,1704475019999,530151.69475,779,474107.0,266149.32951,0
1704475020000,0.5619,0.5621,0.5613,0.5621,964684.7,1704475079999,541894.93502,774,494440.4,277731.01624,0
1704475080000,0.5621,0.5625,0.5616,0.5624,1599616.1,1704475139999,899197.62786,1101,994606.6,559156.90159,0
1704475140000,0.5623,0.5624,0.5616,0.5617,730244.7,1704475199999,410337.08339,548,316754.9,177982.37562,0
1704475200000,0.5617,0.5618,0.5610,0.5611,761140.3,1704475259999,427236.76350,620,472684.8,265307.50875,0
1704475260000,0.5611,0.5611,0.5604,0.5606,1042612.5,1704475319999,584628.48879,592,411181.1,230557.73450,0
1704475320000,0.5606,0.5611,0.5605,0.5611,648563.8,1704475379999,363723.75732,387,357345.1,200410.35679,0
1704475380000,0.5611,0.5616,0.5610,0.5615,593795.1,1704475439999,333329.35612,413,337352.2,189372.33433,0
1704475440000,0.5616,0.5616,0.5610,0.5613,473418.1,1704475499999,265718.22827,350,189327.7,106263.81186,0
1704475500000,0.5613,0.5615,0.5603,0.5605,704255.5,1704475559999,394906.09847,433,173934.9,97521.82951,0
1704475560000,0.5606,0.5608,0.5598,0.5600,2197735.8,1704475619999,1231238.32234,1029,654225.9,366443.62492,0
1704475620000,0.5600,0.5605,0.5595,0.5599,1221790.5,1704475679999,684134.35194,699,820677.4,459500.65138,0
1704475680000,0.5599,0.5604,0.5596,0.5604,715635.6,1704475739999,400655.31938,534,371127.5,207782.99585,0
1704475740000,0.5604,0.5605,0.5600,0.5605,455041.4,1704475799999,254927.30225,343,198252.6,111060.91757,0
1704475800000,0.5605,0.5616,0.5604,0.5615,934868.6,1704475859999,524628.08032,570,701600.7,393724.46010,0
1704475860000,0.5615,0.5618,0.5609,0.5616,652941.5,1704475919999,366546.65423,446,394600.1,221531.60172,0
1704475920000,0.5617,0.5617,0.5610,0.5613,632787.9,1704475979999,355224.10747,411,266048.4,149347.97956,0
1704475980000,0.5613,0.5617,0.5611,0.5614,517473.8,1704476039999,290493.12026,301,216740.4,121689.14679,0
1704476040000,0.5614,0.5614,0.5604,0.5609,1092710.0,1704476099999,612874.24299,620,442383.8,248116.56351,0
1704476100000,0.5609,0.5617,0.5607,0.5617,639625.2,1704476159999,358903.51555,436,347038.2,194716.85163,0
1704476160000,0.5617,0.5618,0.5614,0.5618,489395.2,1704476219999,274848.36840,283,302426.0,169862.57850,0
1704476220000,0.5617,0.5629,0.5617,0.5629,687700.1,1704476279999,386724.25843,648,469344.1,263950.18795,0
1704476280000,0.5629,0.5632,0.5626,0.5632,718793.6,1704476339999,404624.91979,685,369548.6,208030.44101,0
1704476340000,0.5631,0.5639,0.5631,0.5636,1492447.2,1704476399999,841029.09287,1098,629429.1,354726.74057,0
1704476400000,0.5636,0.5637,0.5630,0.5631,744306.0,1704476459999,419205.22743,439,295132.1,166204.15790,0
1704476460000,0.5631,0.5633,0.5628,0.5629,569071.7,1704476519999,320411.89139,469,222744.9,125413.20314,0
1704476520000,0.5628,0.5634,0.5627,0.5632,574532.5,1704476579999,323517.45593,322,313882.7,176749.51885,0
1704476580000,0.5632,0.5639,0.5631,0.5637,1395013.8,1704476639999,785983.60787,646,456441.4,257210.37201,0
1704476640000,0.5637,0.5637,0.5633,0.5634,522756.6,1704476699999,294617.96726,311,283867.6,159998.62863,0
1704476700000,0.5634,0.5639,0.5633,0.5635,561126.6,1704476759999,316216.77947,383,207713.0,117060.07173,0
1704476760000,0.5636,0.5636,0.5632,0.5634,332202.2,1704476819999,187158.03465,324,161192.2,90814.51392,0
1704476820000,0.5634,0.5640,0.5631,0.5640,376119.2,1704476879999,211919.18447,386,246545.8,138936.01711,0
1704476880000,0.5640,0.5641,0.5635,0.5640,470985.7,1704476939999,265549.85062,471,213810.1,120544.94996,0
1704476940000,0.5640,0.5640,0.5636,0.5639,428923.1,1704476999999,241850.13833,342,125915.0,70997.77710,0
1704477000000,0.5639,0.5643,0.5638,0.5641,344363.7,1704477059999,194249.07945,331,220968.4,124648.53020,0
1704477060000,0.5642,0.5644,0.5640,0.5642,458679.5,1704477119999,258778.37072,374,243324.3,137279.66388,0
1704477120000,0.5642,0.5646,0.5640,0.5640,521784.7,1704477179999,294455.09866,460,153663.5,86722.01845,0
1704477180000,0.5640,0.5648,0.5640,0.5647,629540.4,1704477239999,355382.17845,437,422091.9,238269.59596,0
1704477240000,0.5647,0.5650,0.5646,0.5647,684893.0,1704477299999,386816.78748,1017,187410.4,105851.41612,0
1704477300000,0.5647,0.5650,0.5646,0.5649,451934.9,1704477359999,255238.26784,423,151240.9,85424.96717,0
1704477360000,0.5650,0.5650,0.5647,0.5650,408329.0,1704477419999,230644.62974,300,220626.1,124625.33806,0
1704477420000,0.5650,0.5652,0.5647,0.5649,778645.3,1704477479999,439859.49828,510,172812.3,97641.31944,0
1704477480000,0.5649,0.5650,0.5647,0.5648,228933.4,1704477539999,129324.80279,167,114065.8,64439.70432,0
1704477540000,0.5648,0.5649,0.5645,0.5647,311201.2,1704477599999,175727.12049,235,96061.0,54245.41786,0
1704477600000,0.5647,0.5651,0.5645,0.5647,604236.8,1704477659999,341238.00158,560,258046.5,145746.14764,0
1704477660000,0.5647,0.5649,0.5646,0.5646,308926.0,1704477719999,174452.24527,273,153074.0,86446.44519,0
1704477720000,0.5646,0.5647,0.5638,0.5642,1378430.4,1704477779999,777628.51099,802,380231.0,214520.56045,0
1704477780000,0.5642,0.5644,0.5636,0.5637,774387.1,1704477839999,436728.23665,474,459827.4,259348.66198,0
1704477840000,0.5637,0.5643,0.5637,0.5643,294019.4,1704477899999,165837.70671,196,269250.1,151867.94397,0
1704477900000,0.5643,0.5644,0.5639,0.5641,515639.3,1704477959999,290869.51395,340,103945.0,58639.43247,0
1704477960000,0.5641,0.5648,0.5641,0.5646,382977.8,1704478019999,216137.74695,255,308164.2,173902.14005,0
1704478020000,0.5645,0.5649,0.5645,0.5647,287359.0,1704478079999,162279.54054,265,170100.8,96057.74720,0
1704478080000,0.5647,0.5647,0.5644,0.5644,256283.7,1704478139999,144661.33100,241,59826.0,33769.64337,0
1704478140000,0.5643,0.5654,0.5643,0.5651,484307.9,1704478199999,273610.75291,364,382019.3,215804.01391,0
1704478200000,0.5652,0.5655,0.5651,0.5652,385187.4,1704478259999,217736.78860,316,200760.1,113489.16547,0
1704478260000,0.5652,0.5653,0.5650,0.5652,180165.3,1704478319999,101821.83354,216,100271.6,56670.06613,0
1704478320000,0.5653,0.5659,0.5652,0.5656,485305.2,1704478379999,274488.56522,465,348703.5,197226.57727,0
1704478380000,0.5657,0.5664,0.5655,0.5663,782458.0,1704478439999,442751.18550,600,557568.6,315525.40411,0
1704478440000,0.5663,0.5672,0.5663,0.5666,760228.4,1704478499999,430926.79842,856,355704.2,201618.38948,0
1704478500000,0.5666,0.5669,0.5661,0.5663,429929.1,1704478559999,243525.30628,411,146493.3,82982.12034,0
1704478560000,0.5664,0.5664,0.5658,0.5661,440881.3,1704478619999,249546.05630,361,103746.1,58717.92128,0
1704478620000,0.5661,0.5661,0.5656,0.5659,641277.6,1704478679999,362802.69954,349,279186.4,157932.11404,0
1704478680000,0.5659,0.5659,0.5650,0.5652,1157557.5,1704478739999,654446.84612,534,492862.4,278615.88891,0
1704478740000,0.5652,0.5656,0.5649,0.5654,390926.6,1704478799999,220955.81395,296,191022.9,107965.46161,0
1704478800000,0.5655,0.5657,0.5651,0.5652,419232.6,1704478859999,237032.15621,248,176464.5,99782.03701,0
1704478860000,0.5651,0.5651,0.5640,0.5643,831718.8,1704478919999,469519.58756,639,370079.7,208859.14242,0
1704478920000,0.5642,0.5646,0.5642,0.5646,402056.1,1704478979999,226940.75866,240,228047.7,128722.19382,0
1704478980000,0.5647,0.5647,0.5643,0.5646,142406.9,1704479039999,80392.10414,192,58653.5,33110.86865,0
1704479040000,0.5646,0.5649,0.5646,0.5648,180842.2,1704479099999,102130.30480,135,116960.7,66057.80342,0
1704479100000,0.5648,0.5649,0.5646,0.5649,345968.0,1704479159999,195370.54993,244,172205.9,97250.32159,0
1704479160000,0.5649,0.5651,0.5648,0.5649,135659.6,1704479219999,76639.97397,173,32121.9,18147.30780,0
1704479220000,0.5649,0.5649,0.5647,0.5648,104402.0,1704479279999,58967.15718,125,43447.9,24540.37424,0
1704479280000,0.5647,0.5651,0.5647,0.5650,214941.7,1704479339999,121426.66457,191,134318.5,75880.19634,0
1704479340000,0.5650,0.5656,0.5649,0.5654,391904.3,1704479399999,221521.04474,290,241130.4,136295.00300,0
1704479400000,0.5654,0.5658,0.5653,0.5656,224976.8,1704479459999,127242.47749,236,63696.7,36025.65030,0
1704479460000,0.5655,0.5661,0.5653,0.5660,314910.3,1704479519999,178117.89328,351,134156.8,75904.66936,0
1704479520000,0.5660,0.5665,0.5660,0.5663,755166.8,1704479579999,427628.36887,446,436286.5,247072.41278,0
1704479580000,0.5663,0.5663,0.5660,0.5663,240944.2,1704479639999,136422.46440,267,127431.7,72154.90806,0
1704479640000,0.5664,0.5665,0.5662,0.5662,135127.9,1704479699999,76521.42240,197,71050.4,40234.81335,0
1704479700000,0.5663,0.5663,0.5660,0.5661,237940.3,1704479759999,134708.28003,233,32603.9,18459.82881,0
1704479760000,0.5661,0.5663,0.5660,0.5663,171854.9,1704479819999,97295.42490,209,82170.1,46519.62016,0
1704479820000,0.5663,0.5671,0.5663,0.5669,440036.1,1704479879999,249389.99508,434,237065.7,134346.93181,0
1704479880000,0.5669,0.5671,0.5668,0.5670,208844.3,1704479939999,118406.47056,226,149808.1,84937.06698,0
1704479940000,0.5671,0.5679,0.5670,0.5678,621018.3,1704479999999,352424.32379,1179,437011.6,248012.60373,0
1704480000000,0.5678,0.5680,0.5675,0.5678,950960.6,1704480059999,539919.74573,658,517046.9,293586.06038,0
1704480060000,0.5679,0.5679,0.5673,0.5673,378530.0,1704480119999,214843.73358,391,102433.3,58142.17311,0
1704480120000,0.5674,0.5674,0.5672,0.5674,261597.3,1704480179999,148399.56800,226,102032.7,57884.14522,0
1704480180000,0.5673,0.5674,0.5672,0.5673,195813.5,1704480239999,111085.55053,156,100569.8,57054.12432,0
1704480240000,0.5674,0.5674,0.5668,0.5669,582909.8,1704480299999,330528.86839,423,267929.1,151921.97835,0
1704480300000,0.5670,0.5673,0.5665,0.5673,1012588.3,1704480359999,573920.06550,575,635604.5,360283.80122,0
1704480360000,0.5673,0.5674,0.5670,0.5673,413832.1,1704480419999,234747.32216,317,292830.1,166113.51800,0
1704480420000,0.5674,0.5676,0.5671,0.5676,229423.2,1704480479999,130179.52074,257,82766.6,46965.07023,0
1704480480000,0.5676,0.5679,0.5676,0.5679,264883.0,1704480539999,150376.60904,210,241874.6,137313.78720,0
1704480540000,0.5678,0.5681,0.5677,0.5678,872370.4,1704480599999,495410.44910,510,286271.8,162583.01556,0
1704480600000,0.5679,0.5682,0.5674,0.5676,839749.5,1704480659999,476741.21603,462,236784.6,134441.45018,0
1704480660000,0.5677,0.5677,0.5674,0.5675,346176.9,1704480719999,196461.94722,265,106027.1,60170.97510,0
1704480720000,0.5676,0.5678,0.5673,0.5674,314465.0,1704480779999,178473.37654,226,113000.8,64139.27260,0
1704480780000,0.5673,0.5675,0.5672,0.5672,137891.4,1704480839999,78234.56432,164,65704.5,37282.79199,0
1704480840000,0.5671,0.5674,0.5671,0.5673,314881.2,1704480899999,178606.12875,224,148167.6,84043.65490,0
1704480900000,0.5672,0.5674,0.5669,0.5673,344456.0,1704480959999,195342.35326,251,202727.8,114980.12779,0
1704480960000,0.5673,0.5674,0.5669,0.5670,171953.5,1704481019999,97525.04812,194,41073.0,23290.76034,0
1704481020000,0.5671,0.5674,0.5671,0.5672,127789.2,1704481079999,72484.91889,176,67751.1,38428.68705,0
1704481080000,0.5672,0.5674,0.5671,0.5673,218327.0,1704481139999,123851.88777,163,115548.7,65546.03063,0
1704481140000,0.5673,0.5676,0.5673,0.5675,647099.8,1704481199999,367165.09043,224,563205.8,319564.31635,0
1704481200000,0.5675,0.5677,0.5671,0.5675,518562.2,1704481259999,294228.33875,506,248133.3,140789.09754,0
1704481260000,0.5675,0.5675,0.5671,0.5672,155624.8,1704481319999,88281.35146,213,42716.1,24228.79172,0
1704481320000,0.5672,0.5673,0.5666,0.5672,528662.0,1704481379999,299701.34398,438,172305.8,97690.11755,0
1704481380000,0.5673,0.5673,0.5669,0.5673,182892.8,1704481439999,103723.73431,192,82198.9,46616.21194,0
1704481440000,0.5673,0.5680,0.5673,0.5677,884217.8,1704481499999,501906.38338,478,813757.4,461910.81180,0
1704481500000,0.5676,0.5677,0.5670,0.5674,350378.6,1704481559999,198793.69454,277,203934.6,115695.39512,0
1704481560000,0.5674,0.5675,0.5672,0.5675,155962.7,1704481619999,88484.58958,252,63692.2,36135.96594,0
1704481620000,0.5674,0.5676,0.5672,0.5675,241208.1,1704481679999,136859.84692,266,91330.0,51818.46574,0
1704481680000,0.5674,0.5680,0.5674,0.5679,186334.1,1704481739999,105784.30144,227,114783.8,65161.54471,0
1704481740000,0.5678,0.5681,0.5678,0.5680,260521.5,1704481799999,147964.95504,247,171935.9,97657.91895,0
1704481800000,0.5681,0.5681,0.5678,0.5680,369467.6,1704481859999,209819.43126,211,119624.1,67935.93146,0
1704481860000,0.5681,0.5681,0.5677,0.5678,325068.6,1704481919999,184614.32214,227,76774.9,43614.22850,0
1704481920000,0.5678,0.5681,0.5677,0.5679,705783.5,1704481979999,400813.29215,284,446781.2,253737.53748,0
1704481980000,0.5679,0.5684,0.5679,0.5684,358355.0,1704482039999,203642.01861,392,211300.9,120077.72063,0
1704482040000,0.5684,0.5689,0.5683,0.5689,351457.4,1704482099999,199834.55310,440,303143.3,172364.93847,0
1704482100000,0.5689,0.5689,0.5680,0.5683,951051.3,1704482159999,540485.03967,653,408076.9,231868.43845,0
1704482160000,0.5682,0.5690,0.5682,0.5690,363815.7,1704482219999,206883.40465,353,196729.4,111860.22637,0
1704482220000,0.5690,0.5693,0.5689,0.5691,583756.0,1704482279999,332209.13278,576,330474.0,188078.84446,0
1704482280000,0.5691,0.5691,0.5683,0.5687,411862.5,1704482339999,234190.40471,366,105640.8,60065.94017,0
1704482340000,0.5687,0.5687,0.5683,0.5686,341562.1,1704482399999,194190.68244,307,81546.4,46364.29512,0
1704482400000,0.5686,0.5686,0.5684,0.5684,189280.5,1704482459999,107604.78568,233,76616.5,43556.71176,0
1704482460000,0.5685,0.5689,0.5685,0.5689,239759.8,1704482519999,136331.25515,187,173116.4,98444.34985,0
1704482520000,0.5688,0.5692,0.5688,0.5691,353557.2,1704482579999,201158.65048,317,104767.9,59610.14737,0
1704482580000,0.5691,0.5693,0.5691,0.5692,271663.7,1704482639999,154630.57446,254,187947.9,106980.16281,0
1704482640000,0.5691,0.5692,0.5688,0.5690,661410.2,1704482699999,376342.96509,349,261709.5,148919.64334,0
1704482700000,0.5690,0.5691,0.5687,0.5688,399347.5,1704482759999,227186.38818,261,73162.2,41630.58076,0
1704482760000,0.5688,0.5688,0.5683,0.5684,460533.9,1704482819999,261814.55880,334,130142.9,73984.32358,0
1704482820000,0.5683,0.5684,0.5673,0.5675,786483.2,1704482879999,446486.55831,587,212411.6,120586.28084,0
1704482880000,0.5676,0.5680,0.5673,0.5679,457970.3,1704482939999,259943.21320,399,253651.5,143985.82565,0
1704482940000,0.5679,0.5681,0.5678,0.5680,223670.4,1704482999999,127042.28615,247,109769.3,62347.24968,0
1704483000000,0.5681,0.5686,0.5680,0.5682,666076.9,1704483059999,378549.33876,406,261663.2,148699.98924,0
1704483060000,0.5682,0.5688,0.5680,0.5686,690096.8,1704483119999,392255.35663,486,424856.2,241504.62215,0
1704483120000,0.5687,0.5687,0.5681,0.5684,865817.9,1704483179999,492122.69782,473,309866.2,176118.26710,0
1704483180000,0.5684,0.5684,0.5680,0.5682,168687.3,1704483239999,95838.44705,221,68690.9,39024.91713,0
1704483240000,0.5682,0.5685,0.5681,0.5685,164663.3,1704483299999,93583.54631,203,113995.0,64785.37473,0
1704483300000,0.5685,0.5688,0.5684,0.5686,383697.5,1704483359999,218183.38356,313,182665.9,103868.14628,0
1704483360000,0.5686,0.5688,0.5686,0.5687,130274.9,1704483419999,74086.71258,162,56612.4,32196.17085,0
1704483420000,0.5687,0.5688,0.5683,0.5684,553036.4,1704483479999,314475.09590,392,139200.3,79165.73512,0
1704483480000,0.5684,0.5685,0.5682,0.5683,157977.9,1704483539999,89780.09618,186,24620.6,13994.27994,0
1704483540000,0.5682,0.5682,0.5679,0.5679,216060.8,1704483599999,122721.98903,227,21631.9,12288.58450,0
1704483600000,0.5680,0.5683,0.5676,0.5681,600226.6,1704483659999,340966.85479,380,480200.3,272793.50888,0
1704483660000,0.5682,0.5684,0.5679,0.5679,366697.7,1704483719999,208345.41606,269,214064.1,121625.50427,0
1704483720000,0.5680,0.5680,0.5676,0.5676,67607.3,1704483779999,38385.45597,133,8287.8,4705.61712,0
1704483780000,0.5677,0.5684,0.5674,0.5684,322960.7,1704483839999,183353.07576,271,236357.6,134203.59083,0
1704483840000,0.5685,0.5686,0.5683,0.5683,316334.4,1704483899999,179815.57435,250,109691.5,62357.59204,0
1704483900000,0.5683,0.5687,0.5682,0.5684,266230.5,1704483959999,151334.21851,298,159886.3,90884.80005,0
1704483960000,0.5684,0.5694,0.5682,0.5694,1320716.0,1704484019999,751230.45908,760,883648.8,502579.31710,0
1704484020000,0.5693,0.5699,0.5691,0.5693,1126658.0,1704484079999,641689.63844,887,555383.5,316353.52842,0
1704484080000,0.5693,0.5693,0.5685,0.5686,509146.7,1704484139999,289637.91785,305,167391.6,95225.92221,0
1704484140000,0.5686,0.5687,0.5679,0.5679,685665.7,1704484199999,389746.73749,431,248295.5,141165.87428,0
1704484200000,0.5679,0.5682,0.5669,0.5669,1276422.7,1704484259999,724590.08635,748,740377.8,420382.84952,0
1704484260000,0.5669,0.5672,0.5667,0.5672,760768.9,1704484319999,431326.90575,395,497654.7,282154.73817,0
1704484320000,0.5671,0.5672,0.5667,0.5670,453693.8,1704484379999,257199.35537,300,199453.1,113065.20475,0
1704484380000,0.5670,0.5672,0.5663,0.5668,1047249.7,1704484439999,593389.19210,655,445261.7,252299.72144,0
1704484440000,0.5668,0.5669,0.5665,0.5667,251282.2,1704484499999,142387.23299,206,103704.9,58766.05873,0
1704484500000,0.5667,0.5669,0.5664,0.5666,523452.0,1704484559999,296582.69688,385,347018.6,196622.17889,0
1704484560000,0.5667,0.5674,0.5667,0.5674,522323.7,1704484619999,296108.42237,327,416656.4,236215.75491,0
1704484620000,0.5673,0.5678,0.5670,0.5672,717510.6,1704484679999,407118.56347,411,199935.0,113416.38193,0
1704484680000,0.5672,0.5672,0.5669,0.5671,178353.7,1704484739999,101139.30774,165,108652.8,61616.38443,0
1704484740000,0.5671,0.5674,0.5670,0.5674,159548.0,1704484799999,90489.36373,128,132827.6,75338.70941,0
1704484800000,0.5674,0.5678,0.5673,0.5677,549191.9,1704484859999,311710.95337,414,309731.8,175797.94213,0
1704484860000,0.5677,0.5683,0.5677,0.5683,481491.9,1704484919999,273452.45517,394,320395.8,181976.64887,0
1704484920000,0.5682,0.5682,0.5679,0.5681,497669.8,1704484979999,282715.61889,338,74703.8,42437.05765,0
1704484980000,0.5681,0.5684,0.5679,0.5683,371517.0,1704485039999,211028.61012,312,214867.0,122061.02314,0
1704485040000,0.5684,0.5684,0.5682,0.5683,120794.9,1704485099999,68646.52888,149,36091.8,20512.05928,0
1704485100000,0.5683,0.5684,0.5681,0.5683,418591.9,1704485159999,237886.62820,305,120322.6,68380.30321,0
1704485160000,0.5683,0.5683,0.5681,0.5682,81896.0,1704485219999,46530.37726,143,29276.4,16635.36929,0
1704485220000,0.5682,0.5686,0.5681,0.5684,483918.3,1704485279999,275050.58883,289,279892.7,159078.32280,0
1704485280000,0.5684,0.5685,0.5683,0.5684,99469.9,1704485339999,56538.82748,132,62617.7,35592.15485,0
1704485340000,0.5684,0.5689,0.5684,0.5686,459783.5,1704485399999,261467.09006,319,285058.0,162099.73231,0
1704485400000,0.5687,0.5690,0.5686,0.5689,231727.9,1704485459999,131819.47419,228,163988.3,93286.18268,0
1704485460000,0.5689,0.5691,0.5688,0.5691,188492.1,1704485519999,107236.46287,185,145620.7,82851.21055,0
1704485520000,0.5691,0.5691,0.5687,0.5689,459021.3,1704485579999,261122.38046,281,108474.3,61705.29163,0
1704485580000,0.5690,0.5691,0.5688,0.5691,168530.7,1704485639999,95881.99969,180,87385.1,49719.30166,0
1704485640000,0.5690,0.5691,0.5689,0.5690,135436.3,1704485699999,77061.42433,174,49256.3,28027.55012,0
1704485700000,0.5689,0.5690,0.5686,0.5688,586009.2,1704485759999,333304.76286,437,278613.7,158471.13516,0
1704485760000,0.5687,0.5692,0.5687,0.5691,394712.7,1704485819999,224581.82751,326,200259.2,113937.07798,0
1704485820000,0.5691,0.5691,0.5684,0.5688,387804.3,1704485879999,220549.11386,334,110569.6,62874.39263,0
1704485880000,0.5688,0.5691,0.5687,0.5690,199130.6,1704485939999,113291.60345,181,111341.6,63340.59388,0
1704485940000,0.5690,0.5691,0.5689,0.5690,233789.6,1704485999999,133023.55380,193,84201.0,47912.06242,0
1704486000000,0.5689,0.5692,0.5689,0.5691,195999.4,1704486059999,111539.24791,262,100130.9,56982.74731,0
1704486060000,0.5691,0.5691,0.5686,0.5689,821687.7,1704486119999,467414.75334,393,332746.9,189270.91329,0
1704486120000,0.5689,0.5692,0.5689,0.5692,117258.5,1704486179999,66720.44656,169,62992.2,35845.16385,0
1704486180000,0.5691,0.5691,0.5689,0.5690,80148.0,1704486239999,45607.63145,157,34397.5,19573.44597,0
1704486240000,0.5690,0.5690,0.5687,0.5689,173281.0,1704486299999,98564.28527,200,68250.8,38822.16923,0
1704486300000,0.5689,0.5691,0.5688,0.5691,145638.7,1704486359999,82856.34160,193,120994.7,68838.75699,0
1704486360000,0.5692,0.5693,0.5691,0.5693,92870.6,1704486419999,52861.79176,163,76507.4,43548.91583,0
1704486420000,0.5693,0.5696,0.5693,0.5696,206375.4,1704486479999,117528.88164,261,103430.3,58902.41091,0
1704486480000,0.5695,0.5696,0.5690,0.5693,399510.4,1704486539999,227455.20898,277,80537.5,45860.62597,0
1704486540000,0.5693,0.5694,0.5693,0.5694,49758.6,1704486599999,28328.15331,89,34499.5,19641.14768,0
1704486600000,0.5693,0.5696,0.5693,0.5694,191754.1,1704486659999,109193.17243,260,72092.9,41053.47249,0
1704486660000,0.5693,0.5695,0.5689,0.5691,665517.5,1704486719999,378848.73114,384,168393.7,95869.63211,0
1704486720000,0.5691,0.5693,0.5689,0.5693,147428.9,1704486779999,83897.73833,256,74549.2,42430.07826,0
1704486780000,0.5693,0.5695,0.5692,0.5695,52632.9,1704486839999,29964.75745,129,48675.4,27712.14845,0
1704486840000,0.5695,0.5698,0.5693,0.5695,718921.3,1704486899999,409444.31869,474,173274.8,98701.09292,0
1704486900000,0.5695,0.5697,0.5693,0.5697,123153.1,1704486959999,70133.80950,139,81262.2,46280.83377,0
1704486960000,0.5697,0.5703,0.5696,0.5703,1273187.0,1704487019999,725680.11493,1318,887321.2,505781.65776,0
1704487020000,0.5702,0.5704,0.5700,0.5701,375235.8,1704487079999,213965.81603,404,106229.7,60585.14378,0
1704487080000,0.5700,0.5702,0.5699,0.5699,452371.0,1704487139999,257864.56982,383,145427.5,82904.41108,0
1704487140000,0.5699,0.5700,0.5698,0.5700,129375.4,1704487199999,73732.19103,209,56156.0,32005.43630,0
1704487200000,0.5700,0.5700,0.5697,0.5698,462557.7,1704487259999,263601.44474,330,157901.9,89984.28075,0
1704487260000,0.5699,0.5699,0.5696,0.5697,390288.2,1704487319999,222398.08242,304,234910.3,133866.79561,0
1704487320000,0.5698,0.5704,0.5697,0.5704,184214.8,1704487379999,105022.39248,182,165125.9,94141.91986,0
1704487380000,0.5704,0.5704,0.5701,0.5701,228432.4,1704487439999,130263.61933,240,63433.8,36175.11690,0
1704487440000,0.5701,0.5705,0.5701,0.5703,245519.2,1704487499999,140024.58390,273,153339.3,87451.25353,0
1704487500000,0.5704,0.5707,0.5704,0.5707,283919.6,1704487559999,161987.44001,367,157764.8,90011.23118,0
1704487560000,0.5707,0.5708,0.5703,0.5705,328102.3,1704487619999,187192.27772,310,96140.7,54854.07494,0
1704487620000,0.5704,0.5706,0.5701,0.5703,322980.1,1704487679999,184231.61444,259,192387.6,109747.01239,0
1704487680000,0.5703,0.5703,0.5699,0.5700,323946.2,1704487739999,184680.28321,271,41106.2,23431.23162,0
1704487740000,0.5699,0.5704,0.5697,0.5703,701321.0,1704487799999,399807.20972,359,606536.5,345785.54206,0
1704487800000,0.5704,0.5705,0.5703,0.5703,131044.2,1704487859999,74746.07697,167,65681.6,37465.11533,0
1704487860000,0.5704,0.5704,0.5700,0.5702,216542.2,1704487919999,123470.28665,202,89169.8,50842.91879,0
1704487920000,0.5701,0.5703,0.5701,0.5702,158953.7,1704487979999,90637.46962,152,66849.8,38119.88114,0
1704487980000,0.5702,0.5705,0.5701,0.5704,195817.7,1704488039999,111673.78979,232,79750.1,45481.70147,0
1704488040000,0.5703,0.5743,0.5703,0.5725,14499996.7,1704488099999,8300237.15874,8557,7572616.9,4334111.93261,0
1704488100000,0.5725,0.5729,0.5717,0.5719,5474001.9,1704488159999,3132677.29949,2744,2505312.9,1433818.57068,0
1704488160000,0.5720,0.5720,0.5710,0.5715,1967744.6,1704488219999,1124598.84799,1074,778847.4,445161.87243,0
1704488220000,0.5714,0.5721,0.5706,0.5720,2660859.5,1704488279999,1520014.51330,1205,1594207.4,910839.33259,0
1704488280000,0.5720,0.5726,0.5718,0.5724,811998.3,1704488339999,464701.40842,523,443843.5,254004.76468,0
1704488340000,0.5723,0.5729,0.5720,0.5724,680488.8,1704488399999,389610.86590,457,395778.3,226616.03807,0
1704488400000,0.5723,0.5724,0.5714,0.5716,859131.5,1704488459999,491260.24871,719,246803.3,141128.42122,0
1704488460000,0.5716,0.5720,0.5713,0.5715,438772.8,1704488519999,250837.79493,377,219891.5,125723.98400,0
1704488520000,0.5715,0.5718,0.5707,0.5711,642183.7,1704488579999,366743.21373,472,242658.5,138592.50850,0
1704488580000,0.5711,0.5712,0.5707,0.5707,606067.9,1704488639999,346082.47225,424,242576.0,138526.49236,0
1704488640000,0.5707,0.5708,0.5700,0.5706,1114060.7,1704488699999,635527.95173,870,530954.5,302877.92901,0
1704488700000,0.5706,0.5710,0.5704,0.5705,670214.1,1704488759999,382491.70611,489,307512.7,175532.22223,0
1704488760000,0.5705,0.5706,0.5694,0.5695,982308.6,1704488819999,559635.18208,680,278152.4,158479.69582,0
1704488820000,0.5694,0.5702,0.5694,0.5700,808170.3,1704488879999,460671.65473,375,408267.7,232703.46097,0
1704488880000,0.5700,0.5700,0.5695,0.5700,382630.7,1704488939999,218017.12917,310,252570.8,143918.79710,0
1704488940000,0.5699,0.5699,0.5687,0.5697,1194269.1,1704488999999,679688.74430,823,566129.8,322248.74422,0
1704489000000,0.5696,0.5697,0.5690,0.5694,578485.9,1704489059999,329332.73727,400,265621.7,151231.66855,0
1704489060000,0.5694,0.5700,0.5692,0.5698,490338.5,1704489119999,279325.44271,389,284149.6,161877.52770,0
1704489120000,0.5698,0.5702,0.5696,0.5697,312564.3,1704489179999,178170.88546,275,166205.8,94748.95438,0
1704489180000,0.5697,0.5698,0.5692,0.5694,205979.8,1704489239999,117292.88942,223,93812.7,53423.53512,0
1704489240000,0.5694,0.5697,0.5691,0.5695,515250.9,1704489299999,293364.89205,336,333451.9,189854.07090,0
1704489300000,0.5696,0.5696,0.5690,0.5692,391373.5,1704489359999,222785.36584,297,144440.4,82227.74583,0
1704489360000,0.5693,0.5699,0.5691,0.5699,257705.7,1704489419999,146729.38087,264,180273.1,102654.74333,0
1704489420000,0.5699,0.5708,0.5699,0.5708,354657.1,1704489479999,202260.50402,349,253793.2,144735.75960,0
1704489480000,0.5708,0.5708,0.5706,0.5707,122635.9,1704489539999,69987.97728,184,83717.3,47779.07074,0
1704489540000,0.5708,0.5710,0.5707,0.5707,229205.1,1704489599999,130852.06239,232,132381.8,75582.36245,0
1704489600000,0.5706,0.5708,0.5703,0.5708,393423.5,1704489659999,224464.04025,284,109691.6,62582.54425,0
1704489660000,0.5708,0.5708,0.5706,0.5708,104563.1,1704489719999,59675.16338,177,41630.2,23759.72495,0
1704489720000,0.5708,0.5709,0.5706,0.5709,116404.6,1704489779999,66438.16926,192,59264.8,33826.07851,0
1704489780000,0.5709,0.5711,0.5707,0.5710,231240.4,1704489839999,132016.09655,225,104063.1,59409.56020,0
1704489840000,0.5710,0.5712,0.5708,0.5709,226819.9,1704489899999,129503.32552,245,70554.8,40287.59973,0
1704489900000,0.5709,0.5709,0.5705,0.5706,289166.8,1704489959999,165009.27967,243,63549.1,36266.19102,0
1704489960000,0.5706,0.5708,0.5701,0.5707,367427.3,1704490019999,209608.72056,355,141670.6,80821.72061,0
1704490020000,0.5707,0.5707,0.5697,0.5699,594994.1,1704490079999,339317.34828,386,54843.6,31269.82960,0
1704490080000,0.5699,0.5702,0.5698,0.5702,92501.5,1704490139999,52730.11619,128,72729.6,41461.08997,0
1704490140000,0.5701,0.5703,0.5700,0.5703,182783.7,1704490199999,104216.85788,197,135022.5,76989.19539,0
1704490200000,0.5703,0.5709,0.5702,0.5706,422684.4,1704490259999,241173.44142,310,262327.2,149672.45488,0
1704490260000,0.5705,0.5708,0.5701,0.5703,253844.5,1704490319999,144809.39126,261,101136.3,57697.90030,0
1704490320000,0.5704,0.5704,0.5701,0.5702,116817.6,1704490379999,66618.58792,133,40375.3,23027.53079,0
1704490380000,0.5701,0.5702,0.5698,0.5699,234648.7,1704490439999,133752.24988,226,73638.0,41973.59088,0
1704490440000,0.5698,0.5701,0.5696,0.5700,292201.3,1704490499999,166505.49274,191,198208.4,112957.50670,0
1704490500000,0.5701,0.5702,0.5698,0.5698,103406.2,1704490559999,58939.34196,182,36445.3,20774.77269,0
1704490560000,0.5699,0.5705,0.5699,0.5705,228002.4,1704490619999,130013.60235,367,161420.3,92046.82748,0
1704490620000,0.5705,0.5705,0.5701,0.5703,248118.1,1704490679999,141504.17921,223,90832.7,51802.68085,0
1704490680000,0.5703,0.5703,0.5700,0.5701,143926.9,1704490739999,82054.04282,151,20135.9,11480.22892,0
1704490740000,0.5701,0.5702,0.5700,0.5702,95002.9,1704490799999,54163.87871,142,91791.9,52333.34532,0
1704490800000,0.5702,0.5704,0.5700,0.5703,319751.4,1704490859999,182293.36574,248,82465.3,47017.49692,0
1704490860000,0.5703,0.5708,0.5702,0.5703,234460.2,1704490919999,133769.91033,266,136949.7,78135.79631,0
1704490920000,0.5704,0.5707,0.5702,0.5703,269850.2,1704490979999,153957.06073,255,102380.3,58419.19273,0
1704490980000,0.5702,0.5703,0.5698,0.5698,198881.2,1704491039999,113364.84023,306,10688.3,6094.43791,0
1704491040000,0.5698,0.5703,0.5698,0.5702,181578.3,1704491099999,103493.91792,190,126056.0,71852.71297,0
1704491100000,0.5702,0.5708,0.5702,0.5705,195308.5,1704491159999,111424.32990,405,110144.3,62832.79292,0
1704491160000,0.5706,0.5709,0.5705,0.5709,185545.8,1704491219999,105891.01807,247,95381.0,54433.63258,0
1704491220000,0.5708,0.5714,0.5708,0.5713,190170.6,1704491279999,108612.74655,308,128331.3,73296.49076,0
1704491280000,0.5713,0.5715,0.5712,0.5714,164519.1,1704491339999,93990.17357,267,75421.3,43089.60558,0
1704491340000,0.5714,0.5719,0.5714,0.5715,361752.1,1704491399999,206806.02474,401,197861.1,113120.97142,0
1704491400000,0.5715,0.5718,0.5715,0.5718,142030.3,1704491459999,81196.28606,162,67770.7,38746.22012,0
1704491460000,0.5717,0.5718,0.5716,0.5716,143576.2,1704491519999,82081.27961,196,32599.3,18638.08350,0
1704491520000,0.5716,0.5717,0.5713,0.5714,189585.8,1704491579999,108345.21079,225,26472.9,15130.40321,0
1704491580000,0.5714,0.5715,0.5713,0.5715,137484.7,1704491639999,78558.64337,141,63743.5,36424.94680,0
1704491640000,0.5715,0.5720,0.5715,0.5719,171315.7,1704491699999,97932.48244,197,96392.5,55105.55104,0
1704491700000,0.5720,0.5720,0.5718,0.5718,178222.4,1704491759999,101925.80324,210,33098.3,18932.22377,0
1704491760000,0.5717,0.5721,0.5717,0.5721,250864.5,1704491819999,143478.40662,199,152558.1,87257.23210,0
1704491820000,0.5722,0.5724,0.5721,0.5723,274653.5,1704491879999,157176.36301,292,93721.2,53637.74814,0
1704491880000,0.5723,0.5726,0.5722,0.5725,186015.2,1704491939999,106466.19156,231,108768.8,62259.59845,0
1704491940000,0.5726,0.5726,0.5721,0.5724,261274.0,1704491999999,149527.79876,219,116312.2,66557.92481,0
1704492000000,0.5724,0.5725,0.5716,0.5719,1288578.0,1704492059999,737011.47101,466,188525.0,107837.63152,0
1704492060000,0.5720,0.5720,0.5712,0.5717,922085.4,1704492119999,526922.73725,506,287186.3,164141.59620,0
1704492120000,0.5717,0.5722,0.5717,0.5722,241419.7,1704492179999,138103.61404,220,190321.7,108880.09432,0
1704492180000,0.5722,0.5726,0.5720,0.5725,345669.9,1704492239999,197858.66673,300,222891.9,127589.05033,0
1704492240000,0.5725,0.5725,0.5722,0.5723,116932.9,1704492299999,66933.65349,205,55880.9,31990.62931,0
1704492300000,0.5722,0.5724,0.5722,0.5724,153049.4,1704492359999,87584.01515,141,83392.6,47726.37331,0
1704492360000,0.5723,0.5727,0.5723,0.5727,179120.7,1704492419999,102551.56578,208,152401.6,87254.46197,0
1704492420000,0.5726,0.5729,0.5726,0.5727,479194.8,1704492479999,274473.22040,389,321479.9,184143.82296,0
1704492480000,0.5727,0.5730,0.5725,0.5729,375219.3,1704492539999,214932.80978,406,259537.5,148669.09478,0
1704492540000,0.5729,0.5731,0.5729,0.5731,224748.6,1704492599999,128781.39998,249,181758.6,104149.48510,0
1704492600000,0.5731,0.5731,0.5726,0.5726,267919.0,1704492659999,153472.69150,259,35791.9,20509.48988,0
1704492660000,0.5726,0.5729,0.5725,0.5726,173791.9,1704492719999,99537.08112,186,100958.1,57823.07511,0
1704492720000,0.5727,0.5727,0.5723,0.5726,252389.0,1704492779999,144486.67687,239,99391.7,56898.15653,0
1704492780000,0.5726,0.5727,0.5725,0.5725,129863.5,1704492839999,74359.65058,149,83455.4,47786.89909,0
1704492840000,0.5726,0.5727,0.5726,0.5726,82354.8,1704492899999,47157.84343,129,38132.7,21836.26897,0
1704492900000,0.5725,0.5728,0.5725,0.5726,140119.6,1704492959999,80241.93199,143,90954.7,52085.73746,0
1704492960000,0.5727,0.5727,0.5725,0.5726,111729.0,1704493019999,63975.38734,158,26733.1,15308.08929,0
1704493020000,0.5725,0.5726,0.5724,0.5726,173653.2,1704493079999,99413.27546,199,101261.1,57973.32431,0
1704493080000,0.5726,0.5727,0.5725,0.5725,100294.9,1704493139999,57429.39199,148,56860.5,32559.36632,0
1704493140000,0.5725,0.5729,0.5725,0.5726,239825.6,1704493199999,137353.51806,189,150903.5,86425.51985,0
1704493200000,0.5726,0.5726,0.5723,0.5723,150490.9,1704493259999,86158.31593,163,55442.5,31746.37550,0
1704493260000,0.5724,0.5724,0.5716,0.5722,559459.2,1704493319999,319995.12600,407,210029.1,120111.98558,0
1704493320000,0.5722,0.5723,0.5722,0.5722,181793.4,1704493379999,104028.91710,133,126998.2,72675.10366,0
1704493380000,0.5723,0.5723,0.5712,0.5713,318274.5,1704493439999,181927.94058,310,95793.0,54734.21918,0
1704493440000,0.5714,0.5718,0.5713,0.5718,183436.4,1704493499999,104834.50335,153,141265.4,80737.56646,0
1704493500000,0.5718,0.5720,0.5715,0.5718,487592.7,1704493559999,278796.41390,324,396152.3,226525.37726,0
1704493560000,0.5719,0.5721,0.5717,0.5718,239676.4,1704493619999,137080.65235,201,98036.6,56078.59768,0
1704493620000,0.5718,0.5719,0.5716,0.5718,217634.3,1704493679999,124428.61227,195,94822.2,54216.68272,0
1704493680000,0.5717,0.5718,0.5716,0.5716,68645.3,1704493739999,39241.02280,84,12226.5,6990.01541,0
1704493740000,0.5717,0.5717,0.5716,0.5717,56417.6,1704493799999,32250.28267,84,19825.1,11334.00967,0
1704493800000,0.5716,0.5724,0.5716,0.5724,252848.5,1704493859999,144644.41001,236,223253.0,127709.08569,0
1704493860000,0.5723,0.5725,0.5723,0.5724,196260.1,1704493919999,112340.63769,254,51146.6,29278.21764,0
1704493920000,0.5723,0.5724,0.5721,0.5722,127917.3,1704493979999,73192.98117,151,36318.3,20781.16052,0
1704493980000,0.5722,0.5722,0.5719,0.5719,93851.4,1704494039999,53689.52047,152,27687.1,15840.22707,0
1704494040000,0.5720,0.5720,0.5719,0.5719,52339.9,1704494099999,29937.57106,70,43822.5,25066.47000,0
1704494100000,0.5719,0.5720,0.5718,0.5718,92596.6,1704494159999,52951.63950,180,40354.7,23077.71794,0
1704494160000,0.5718,0.5718,0.5716,0.5716,79038.4,1704494219999,45187.63496,192,29386.2,16802.22945,0
1704494220000,0.5717,0.5717,0.5704,0.5714,1150081.9,1704494279999,656496.19711,800,610468.5,348467.18085,0
1704494280000,0.5713,0.5717,0.5713,0.5715,181886.7,1704494339999,103953.43987,263,67872.9,38791.35603,0
1704494340000,0.5715,0.5720,0.5714,0.5720,289461.1,1704494399999,165517.33518,195,280114.4,160173.61615,0
1704494400000,0.5720,0.5721,0.5718,0.5720,217104.7,1704494459999,124178.08411,263,89747.9,51337.59110,0
1704494460000,0.5720,0.5722,0.5719,0.5722,97942.2,1704494519999,56029.88381,108,73741.1,42186.33470,0
1704494520000,0.5721,0.5722,0.5720,0.5720,130095.7,1704494579999,74425.17010,227,34240.2,19589.76606,0
1704494580000,0.5721,0.5722,0.5719,0.5722,248027.8,1704494639999,141891.47532,237,166287.9,95137.99297,0
1704494640000,0.5722,0.5724,0.5720,0.5720,353253.4,1704494699999,202145.43748,296,200237.4,114604.46092,0
1704494700000,0.5720,0.5723,0.5720,0.5722,124553.6,1704494759999,71264.22411,189,88829.2,50824.18548,0
1704494760000,0.5722,0.5723,0.5722,0.5722,59266.9,1704494819999,33917.43889,132,49187.1,28149.77733,0
1704494820000,0.5723,0.5723,0.5721,0.5723,62692.9,1704494879999,35873.24810,141,15971.2,9139.10211,0
1704494880000,0.5722,0.5723,0.5722,0.5722,39580.8,1704494939999,22648.88717,71,7534.1,4311.76543,0
1704494940000,0.5723,0.5723,0.5719,0.5719,181986.1,1704494999999,104112.14356,182,7416.0,4243.76270,0
1704495000000,0.5720,0.5720,0.5719,0.5719,55140.4,1704495059999,31537.22322,118,24284.6,13890.79120,0
1704495060000,0.5720,0.5720,0.5716,0.5716,88804.6,1704495119999,50776.55586,179,10003.2,5721.37646,0
1704495120000,0.5716,0.5717,0.5714,0.5716,261415.1,1704495179999,149416.98522,193,163107.0,93234.65474,0
1704495180000,0.5716,0.5721,0.5716,0.5720,370851.8,1704495239999,212041.92648,203,341845.0,195454.19726,0
1704495240000,0.5720,0.5723,0.5720,0.5722,108801.6,1704495299999,62253.84030,177,31093.4,17790.22425,0
1704495300000,0.5721,0.5723,0.5721,0.5722,80152.7,1704495359999,45862.30764,138,45989.8,26317.04804,0
1704495360000,0.5723,0.5723,0.5722,0.5723,70263.3,1704495419999,40210.04766,65,53874.0,30832.09020,0
1704495420000,0.5723,0.5725,0.5722,0.5725,213136.6,1704495479999,121987.66461,131,194601.9,111378.53771,0
1704495480000,0.5724,0.5732,0.5724,0.5732,265727.5,1704495539999,152209.69046,281,237737.9,136175.88236,0
1704495540000,0.5732,0.5741,0.5732,0.5737,743622.1,1704495599999,426646.87430,850,423035.7,242688.59842,0
1704495600000,0.5736,0.5739,0.5736,0.5739,747142.2,1704495659999,428684.76812,608,456010.4,261645.18617,0
1704495660000,0.5740,0.5744,0.5737,0.5744,798484.8,1704495719999,458405.91141,562,557513.2,320091.08670,0
1704495720000,0.5743,0.5747,0.5742,0.5745,690051.6,1704495779999,396384.35135,733,266072.0,152871.54461,0
1704495780000,0.5745,0.5745,0.5742,0.5744,200846.6,1704495839999,115344.11103,215,113447.4,65153.22032,0
1704495840000,0.5743,0.5751,0.5743,0.5743,1492351.2,1704495899999,857764.54072,977,746693.2,429178.52717,0
1704495900000,0.5743,0.5752,0.5743,0.5748,1986338.2,1704495959999,1141839.49614,827,1253914.9,720769.01975,0
1704495960000,0.5748,0.5756,0.5747,0.5754,1174075.8,1704496019999,675361.30572,774,794184.4,456836.90267,0
1704496020000,0.5754,0.5754,0.5748,0.5749,497918.1,1704496079999,286392.71636,376,92723.9,53333.44954,0
1704496080000,0.5748,0.5756,0.5747,0.5749,1576155.0,1704496139999,906566.24571,769,652286.1,375206.37208,0
1704496140000,0.5748,0.5755,0.5747,0.5755,400582.2,1704496199999,230364.66780,273,217716.8,125193.95255,0
1704496200000,0.5754,0.5756,0.5751,0.5755,621956.8,1704496259999,357818.64199,344,103335.7,59468.10795,0
1704496260000,0.5755,0.5761,0.5753,0.5759,642521.9,1704496319999,369915.49199,837,323560.0,186294.35237,0
1704496320000,0.5758,0.5758,0.5753,0.5754,260284.3,1704496379999,149802.35207,369,78531.0,45196.83317,0
1704496380000,0.5754,0.5756,0.5753,0.5754,283545.2,1704496439999,163158.58635,240,69704.5,40112.27283,0
1704496440000,0.5753,0.5754,0.5750,0.5752,316018.7,1704496499999,181762.11415,311,164008.3,94334.25919,0
1704496500000,0.5753,0.5759,0.5753,0.5755,459835.2,1704496559999,264716.87510,368,268311.5,154453.96021,0
1704496560000,0.5755,0.5756,0.5748,0.5749,679531.9,1704496619999,390799.83949,499,325924.2,187420.28111,0
1704496620000,0.5749,0.5752,0.5743,0.5752,811195.1,1704496679999,466211.83429,580,400545.8,230198.40673,0
1704496680000,0.5751,0.5751,0.5746,0.5750,358273.5,1704496739999,205974.30043,288,158656.0,91204.15857,0
1704496740000,0.5749,0.5752,0.5749,0.5752,225188.0,1704496799999,129495.54466,220,102031.6,58676.53015,0
1704496800000,0.5752,0.5755,0.5750,0.5750,385055.2,1704496859999,221521.27232,286,158837.5,91395.58496,0
1704496860000,0.5751,0.5758,0.5751,0.5756,273990.1,1704496919999,157690.92542,230,213600.6,122931.59370,0
1704496920000,0.5757,0.5757,0.5753,0.5753,323000.0,1704496979999,185862.31693,236,169412.6,97486.59562,0
1704496980000,0.5753,0.5754,0.5751,0.5753,400523.2,1704497039999,230391.44128,242,146753.0,84423.09311,0
1704497040000,0.5753,0.5758,0.5752,0.5757,231427.6,1704497099999,133208.02552,200,171964.3,98980.60940,0
1704497100000,0.5757,0.5757,0.5752,0.5754,435486.1,1704497159999,250587.69386,251,165783.9,95391.08943,0
1704497160000,0.5754,0.5754,0.5750,0.5750,267239.3,1704497219999,153716.77857,224,64831.3,37295.79050,0
1704497220000,0.5751,0.5752,0.5747,0.5747,293743.1,1704497279999,168892.81530,262,148789.3,85554.62711,0
1704497280000,0.5747,0.5750,0.5745,0.5748,265669.3,1704497339999,152690.26825,259,90163.6,51825.11992,0
1704497340000,0.5747,0.5751,0.5747,0.5749,260475.0,1704497399999,149741.22793,199,109979.6,63224.72233,0
1704497400000,0.5749,0.5750,0.5748,0.5750,197894.2,1704497459999,113765.00901,170,101204.1,58183.03548,0
1704497460000,0.5750,0.5750,0.5747,0.5748,83015.3,1704497519999,47719.55942,155,17327.3,9960.34726,0
1704497520000,0.5748,0.5751,0.5747,0.5748,368178.0,1704497579999,211650.69413,275,122032.8,70157.40375,0
1704497580000,0.5747,0.5748,0.5745,0.5746,252918.7,1704497639999,145338.73507,198,97877.7,56248.27532,0
1704497640000,0.5746,0.5750,0.5745,0.5749,330354.0,1704497699999,189877.47806,240,216976.5,124715.45863,0
1704497700000,0.5748,0.5753,0.5746,0.5751,638169.3,1704497759999,366880.36423,322,349069.4,200712.83982,0
1704497760000,0.5750,0.5751,0.5748,0.5750,349274.5,1704497819999,200795.47748,256,115734.0,66536.27043,0
1704497820000,0.5749,0.5750,0.5747,0.5749,257643.9,1704497879999,148095.45788,168,61226.2,35195.43884,0
1704497880000,0.5749,0.5749,0.5746,0.5747,193622.3,1704497939999,111276.96946,164,56161.8,32276.56157,0
1704497940000,0.5747,0.5750,0.5746,0.5750,361694.4,1704497999999,207899.66045,180,315557.3,181388.88307,0
1704498000000,0.5749,0.5757,0.5748,0.5753,553793.8,1704498059999,318601.93955,302,249616.2,143599.18273,0
1704498060000,0.5754,0.5755,0.5752,0.5755,382780.8,1704498119999,220241.53330,248,244871.3,140895.65468,0
1704498120000,0.5754,0.5757,0.5753,0.5755,494092.7,1704498179999,284350.25039,283,203940.0,117370.09258,0
1704498180000,0.5755,0.5756,0.5752,0.5752,242322.0,1704498239999,139421.03978,143,51654.2,29725.89774,0
1704498240000,0.5753,0.5753,0.5750,0.5751,833252.6,1704498299999,479213.35760,174,654718.0,376531.46013,0
1704498300000,0.5751,0.5752,0.5749,0.5750,793854.7,1704498359999,456475.72092,384,113190.1,65094.03934,0
1704498360000,0.5751,0.5752,0.5750,0.5750,144817.8,1704498419999,83284.97544,158,102948.4,59207.58579,0
1704498420000,0.5751,0.5751,0.5748,0.5750,185274.9,1704498479999,106519.44927,226,100204.3,57611.43189,0
1704498480000,0.5750,0.5750,0.5743,0.5743,614372.1,1704498539999,353009.83865,477,115077.7,66124.95643,0
1704498540000,0.5743,0.5749,0.5741,0.5748,674226.0,1704498599999,387233.87742,393,351830.5,202111.49321,0
1704498600000,0.5749,0.5751,0.5748,0.5750,377739.1,1704498659999,217171.24413,244,257134.5,147835.38008,0
1704498660000,0.5751,0.5751,0.5748,0.5749,104507.2,1704498719999,60087.84741,172,39502.1,22712.65140,0
1704498720000,0.5749,0.5750,0.5748,0.5748,84581.9,1704498779999,48626.47635,124,37047.0,21299.11021,0
1704498780000,0.5749,0.5753,0.5749,0.5752,196367.3,1704498839999,112948.87432,180,133304.1,76672.71006,0
1704498840000,0.5753,0.5753,0.5751,0.5752,75272.1,1704498899999,43296.94234,82,36314.3,20889.85254,0
1704498900000,0.5752,0.5754,0.5751,0.5754,183564.9,1704498959999,105587.84856,187,110865.2,63773.03229,0
1704498960000,0.5753,0.5756,0.5753,0.5755,345853.2,1704499019999,199020.65517,279,141109.0,81207.07723,0
1704499020000,0.5755,0.5756,0.5754,0.5754,249271.8,1704499079999,143442.87034,199,76240.8,43874.19415,0
1704499080000,0.5754,0.5756,0.5753,0.5754,166497.6,1704499139999,95805.67252,192,22665.6,13044.07118,0
1704499140000,0.5754,0.5756,0.5754,0.5756,149303.9,1704499199999,85931.18996,208,80623.7,46406.15133,0
